Algorithm: Greedy Vertex Coloring
Vertex colors:
0 1
1 0
2 1
3 1
4 0
5 1
6 2
7 2
8 2
9 1
10 0
11 0
12 0
13 1
14 1
15 2
16 1
17 0
18 3
19 0
20 0
21 1
22 3
23 0
24 1
25 0
26 2
27 1
28 1
29 2
30 1
31 2
32 2
33 1
34 2
35 0
36 0
37 0
38 2
39 0
40 2
41 2
42 1
43 0
44 1
45 1
46 0
47 0
48 1
49 1
50 1
51 0
52 2
53 0
54 1
55 1
56 2
57 2
58 1
59 1
60 0
61 0
62 0
63 2
64 2
65 1
66 1
67 1
68 1
69 0
70 1
71 0
72 0
73 0
74 0
75 1
76 3
77 1
78 1
79 1
80 2
81 0
82 3
83 2
84 1
85 1
86 0
87 0
88 3
89 0
90 2
91 2
92 2
93 1
94 0
95 0
96 2
97 1
98 0
99 0
100 2
101 1
102 1
103 2
104 0
105 1
106 1
107 0
108 1
109 0
110 0
111 1
112 1
113 1
114 0
115 0
116 2
117 1
118 1
119 0
120 2
121 1
122 2
123 0
124 1
125 0
126 1
127 0
128 1
129 1
130 1
131 0
132 1
133 1
134 0
135 2
136 2
137 1
138 1
139 2
140 0
141 0
142 1
143 1
144 0
145 0
146 3
147 1
148 0
149 2
150 2
151 0
152 2
153 0
154 0
155 2
156 0
157 0
158 0
159 1
160 0
161 3
162 2
163 0
164 1
165 0
166 0
167 0
168 0
169 1
170 1
171 1
172 3
173 0
174 1
175 0
176 1
177 2
178 2
179 2
180 0
181 2
182 2
183 2
184 1
185 2
186 0
187 0
188 2
189 0
190 3
191 1
192 2
193 2
194 0
195 1
196 1
197 2
198 0
199 0
200 0
201 1
202 0
203 1
204 1
205 0
206 2
207 1
208 1
209 1
210 1
211 1
212 2
213 1
214 2
215 2
216 1
217 0
218 0
219 0
220 0
221 1
222 1
223 1
224 1
225 0
226 0
227 1
228 3
229 2
230 0
231 1
232 1
233 0
234 0
235 1
236 1
237 1
238 2
239 0
240 1
241 3
242 0
243 0
244 2
245 0
246 2
247 2
248 0
249 2
250 0
251 1
252 2
253 0
254 1
255 1
256 2
257 1
258 1
259 1
260 0
261 0
262 2
263 0
264 1
265 0
266 2
267 0
268 0
269 0
270 0
271 0
272 2
273 1
274 1
275 1
276 1
277 2
278 2
279 1
280 2
281 1
282 2
283 0
284 1
285 0
286 2
287 2
288 0
289 2
290 1
291 0
292 1
293 2
294 2
295 0
296 0
297 1
298 1
299 1
300 0
301 1
302 1
303 0
304 1
305 0
306 0
307 1
308 1
309 0
310 0
311 0
312 1
313 2
314 0
315 2
316 0
317 0
318 2
319 2
320 1
321 0
322 1
323 1
324 2
325 1
326 1
327 0
328 2
329 0
330 1
331 1
332 1
333 2
334 2
335 1
336 1
337 0
338 1
339 0
340 1
341 2
342 0
343 0
344 0
345 2
346 0
347 0
348 2
349 0
350 1
351 0
352 0
353 1
354 0
355 1
356 0
357 2
358 1
359 1
360 2
361 1
362 2
363 2
364 2
365 0
366 0
367 2
368 1
369 0
370 1
371 1
372 2
373 0
374 2
375 1
376 0
377 0
378 1
379 0
380 1
381 0
382 1
383 0
384 0
385 1
386 3
387 1
388 1
389 1
390 0
391 2
392 0
393 1
394 0
395 1
396 0
397 0
398 0
399 1
400 0
401 1
402 1
403 2
404 1
405 2
406 2
407 0
408 1
409 2
410 0
411 0
412 2
413 1
414 1
415 2
416 1
417 0
418 0
419 1
420 3
421 0
422 2
423 3
424 0
425 1
426 0
427 0
428 1
429 1
430 0
431 2
432 1
433 2
434 3
435 1
436 1
437 2
438 2
439 0
440 0
441 1
442 1
443 2
444 2
445 0
446 1
447 0
448 1
449 1
450 2
451 1
452 2
453 1
454 1
455 0
456 2
457 2
458 1
459 1
460 2
461 3
462 0
463 1
464 1
465 3
466 1
467 2
468 1
469 0
470 2
471 2
472 1
473 2
474 1
475 2
476 0
477 2
478 0
479 1
480 3
481 2
482 2
483 1
484 0
485 1
486 0
487 2
488 0
489 1
490 0
491 1
492 0
493 3
494 2
495 0
496 2
497 0
498 0
499 1
500 2
501 0
502 1
503 0
504 1
505 2
506 1
507 0
508 0
509 0
510 2
511 1
512 0
513 3
514 1
515 0
516 0
517 0
518 0
519 2
520 0
521 2
522 0
523 0
524 0
525 1
526 3
527 1
528 0
529 3
530 1
531 0
532 0
533 1
534 2
535 2
536 3
537 0
538 0
539 2
540 3
541 0
542 1
543 2
544 1
545 1
546 1
547 0
548 2
549 1
550 2
551 1
552 0
553 2
554 0
555 1
556 2
557 2
558 1
559 3
560 0
561 2
562 1
563 1
564 0
565 1
566 0
567 0
568 2
569 0
570 2
571 1
572 0
573 0
574 0
575 1
576 1
577 1
578 1
579 3
580 2
581 2
582 2
583 0
584 2
585 2
586 0
587 2
588 1
589 2
590 3
591 0
592 2
593 1
594 1
595 2
596 1
597 3
598 0
599 2
600 1
601 2
602 2
603 0
604 2
605 0
606 0
607 1
608 1
609 1
610 1
611 0
612 1
613 1
614 1
615 0
616 0
617 0
618 0
619 0
620 1
621 0
622 1
623 0
624 1
625 3
626 1
627 2
628 2
629 1
630 3
631 0
632 1
633 2
634 2
635 0
636 2
637 2
638 1
639 0
640 0
641 1
642 2
643 2
644 2
645 0
646 1
647 0
648 0
649 0
650 2
651 2
652 2
653 2
654 1
655 1
656 3
657 1
658 2
659 1
660 0
661 0
662 0
663 2
664 0
665 0
666 1
667 0
668 1
669 1
670 0
671 2
672 1
673 0
674 0
675 0
676 1
677 0
678 2
679 2
680 0
681 2
682 1
683 2
684 1
685 0
686 2
687 1
688 2
689 2
690 0
691 2
692 1
693 0
694 1
695 0
696 1
697 2
698 1
699 1
700 1
701 1
702 1
703 0
704 1
705 0
706 0
707 1
708 1
709 1
710 2
711 2
712 1
713 1
714 0
715 2
716 3
717 1
718 2
719 1
720 2
721 1
722 0
723 1
724 1
725 2
726 2
727 2
728 1
729 1
730 0
731 0
732 1
733 2
734 1
735 1
736 1
737 0
738 2
739 2
740 1
741 1
742 2
743 3
744 0
745 1
746 2
747 1
748 2
749 1
750 0
751 0
752 2
753 0
754 1
755 1
756 2
757 1
758 0
759 1
760 0
761 2
762 1
763 0
764 0
765 1
766 3
767 3
768 0
769 3
770 1
771 2
772 1
773 1
774 1
775 0
776 0
777 1
778 2
779 1
780 1
781 0
782 3
783 2
784 2
785 1
786 1
787 2
788 0
789 0
790 1
791 0
792 1
793 2
794 1
795 3
796 0
797 0
798 3
799 2
800 0
801 0
802 1
803 2
804 1
805 1
806 1
807 2
808 1
809 1
810 0
811 2
812 2
813 0
814 1
815 0
816 2
817 3
818 2
819 0
820 3
821 2
822 2
823 2
824 0
825 0
826 1
827 1
828 2
829 0
830 2
831 0
832 1
833 0
834 2
835 2
836 2
837 2
838 2
839 0
840 2
841 1
842 1
843 3
844 0
845 0
846 0
847 0
848 2
849 3
850 1
851 0
852 0
853 0
854 0
855 1
856 2
857 0
858 0
859 0
860 2
861 2
862 0
863 2
864 0
865 0
866 2
867 0
868 3
869 1
870 0
871 3
872 1
873 2
874 0
875 0
876 0
877 2
878 0
879 0
880 1
881 2
882 0
883 1
884 0
885 0
886 2
887 0
888 1
889 3
890 0
891 2
892 1
893 0
894 0
895 2
896 1
897 1
898 2
899 2
900 1
901 0
902 1
903 2
904 0
905 0
906 2
907 0
908 0
909 0
910 1
911 1
912 0
913 0
914 0
915 0
916 1
917 1
918 1
919 1
920 2
921 2
922 0
923 2
924 2
925 1
926 1
927 2
928 1
929 1
930 2
931 0
932 0
933 1
934 0
935 1
936 2
937 2
938 1
939 0
940 0
941 0
942 1
943 0
944 1
945 1
946 1
947 1
948 2
949 1
950 0
951 2
952 0
953 0
954 1
955 0
956 0
957 1
958 1
959 0
960 2
961 0
962 3
963 3
964 1
965 2
966 0
967 0
968 2
969 0
970 1
971 2
972 2
973 2
974 0
975 0
976 0
977 0
978 1
979 1
980 1
981 2
982 2
983 0
984 0
985 1
986 0
987 2
988 1
989 1
990 2
991 2
992 0
993 3
994 1
995 2
996 1
997 0
998 1
999 0
1000 2
1001 1
1002 1
1003 1
1004 2
1005 2
1006 0
1007 1
1008 0
1009 3
1010 0
1011 0
1012 0
1013 2
1014 0
1015 1
1016 0
1017 1
1018 1
1019 0
1020 1
1021 0
1022 2
1023 2
1024 1
1025 2
1026 2
1027 1
1028 1
1029 0
1030 1
1031 0
1032 0
1033 2
1034 2
1035 0
1036 0
1037 3
1038 1
1039 2
1040 3
1041 1
1042 1
1043 1
1044 0
1045 3
1046 1
1047 0
1048 0
1049 0
1050 0
1051 0
1052 0
1053 1
1054 0
1055 2
1056 1
1057 1
1058 1
1059 1
1060 1
1061 0
1062 0
1063 1
1064 1
1065 1
1066 0
1067 1
1068 2
1069 0
1070 3
1071 1
1072 1
1073 2
1074 0
1075 1
1076 1
1077 1
1078 1
1079 2
1080 1
1081 0
1082 0
1083 2
1084 0
1085 1
1086 0
1087 0
1088 1
1089 0
1090 2
1091 3
1092 0
1093 0
1094 0
1095 0
1096 1
1097 2
1098 1
1099 1
1100 2
1101 2
1102 1
1103 1
1104 0
1105 2
1106 0
1107 0
1108 0
1109 2
1110 1
1111 0
1112 2
1113 2
1114 0
1115 0
1116 1
1117 2
1118 1
1119 2
1120 0
1121 0
1122 1
1123 0
1124 0
1125 1
1126 0
1127 2
1128 2
1129 3
1130 1
1131 1
1132 1
1133 0
1134 1
1135 1
1136 1
1137 2
1138 0
1139 2
1140 0
1141 0
1142 2
1143 1
1144 1
1145 0
1146 2
1147 0
1148 2
1149 1
1150 2
1151 1
1152 1
1153 1
1154 1
1155 1
1156 0
1157 2
1158 0
1159 2
1160 0
1161 0
1162 0
1163 2
1164 1
1165 1
1166 0
1167 1
1168 1
1169 0
1170 1
1171 1
1172 0
1173 2
1174 0
1175 2
1176 0
1177 2
1178 1
1179 3
1180 0
1181 2
1182 1
1183 3
1184 2
1185 0
1186 0
1187 1
1188 1
1189 0
1190 0
1191 0
1192 1
1193 1
1194 2
1195 2
1196 0
1197 1
1198 2
1199 2
1200 1
1201 1
1202 1
1203 2
1204 2
1205 0
1206 1
1207 0
1208 1
1209 1
1210 2
1211 1
1212 1
1213 2
1214 2
1215 0
1216 1
1217 0
1218 1
1219 0
1220 0
1221 0
1222 0
1223 3
1224 2
1225 0
1226 0
1227 1
1228 1
1229 2
1230 2
1231 1
1232 0
1233 0
1234 1
1235 0
1236 1
1237 1
1238 0
1239 2
1240 0
1241 1
1242 2
1243 1
1244 0
1245 0
1246 0
1247 0
1248 1
1249 3
1250 1
1251 1
1252 0
1253 2
1254 1
1255 0
1256 0
1257 1
1258 1
1259 0
1260 0
1261 2
1262 0
1263 1
1264 0
1265 0
1266 0
1267 2
1268 0
1269 0
1270 2
1271 2
1272 1
1273 0
1274 0
1275 0
1276 2
1277 1
1278 0
1279 2
1280 1
1281 1
1282 1
1283 1
1284 1
1285 2
1286 0
1287 2
1288 2
1289 0
1290 1
1291 1
1292 2
1293 1
1294 1
1295 1
1296 2
1297 0
1298 1
1299 1
1300 0
1301 1
1302 0
1303 2
1304 0
1305 1
1306 1
1307 2
1308 2
1309 3
1310 0
1311 0
1312 1
1313 1
1314 0
1315 2
1316 2
1317 0
1318 2
1319 1
1320 2
1321 3
1322 1
1323 2
1324 0
1325 0
1326 0
1327 3
1328 0
1329 1
1330 0
1331 1
1332 3
1333 1
1334 1
1335 0
1336 1
1337 0
1338 0
1339 0
1340 3
1341 1
1342 1
1343 0
1344 0
1345 0
1346 1
1347 2
1348 1
1349 2
1350 0
1351 1
1352 2
1353 0
1354 0
1355 2
1356 3
1357 1
1358 2
1359 0
1360 0
1361 0
1362 1
1363 0
1364 2
1365 2
1366 1
1367 3
1368 1
1369 1
1370 1
1371 1
1372 2
1373 2
1374 0
1375 0
1376 0
1377 2
1378 1
1379 1
1380 1
1381 0
1382 2
1383 2
1384 1
1385 0
1386 0
1387 0
1388 2
1389 1
1390 1
1391 1
1392 1
1393 0
1394 1
1395 2
1396 3
1397 2
1398 0
1399 0
1400 2
1401 2
1402 1
1403 2
1404 2
1405 0
1406 2
1407 1
1408 1
1409 3
1410 3
1411 3
1412 1
1413 1
1414 2
1415 3
1416 1
1417 2
1418 2
1419 0
1420 1
1421 1
1422 1
1423 2
1424 2
1425 3
1426 1
1427 0
1428 0
1429 1
1430 0
1431 0
1432 2
1433 2
1434 1
1435 0
1436 0
1437 2
1438 2
1439 0
1440 2
1441 2
1442 1
1443 1
1444 2
1445 2
1446 1
1447 3
1448 0
1449 2
1450 1
1451 2
1452 0
1453 1
1454 1
1455 2
1456 0
1457 2
1458 3
1459 1
1460 0
1461 0
1462 1
1463 3
1464 3
1465 2
1466 1
1467 0
1468 1
1469 1
1470 1
1471 0
1472 0
1473 3
1474 1
1475 1
1476 2
1477 0
1478 1
1479 3
1480 0
1481 1
1482 0
1483 0
1484 1
1485 1
1486 1
1487 2
1488 2
1489 1
1490 1
1491 1
1492 0
1493 1
1494 0
1495 1
1496 1
1497 0
1498 0
1499 2
1500 0
1501 0
1502 3
1503 2
1504 0
1505 0
1506 2
1507 1
1508 0
1509 0
1510 0
1511 3
1512 0
1513 1
1514 0
1515 0
1516 0
1517 0
1518 1
1519 1
1520 3
1521 0
1522 1
1523 1
1524 0
1525 2
1526 1
1527 2
1528 2
1529 2
1530 2
1531 0
1532 0
1533 1
1534 3
1535 2
1536 1
1537 1
1538 1
1539 0
1540 3
1541 0
1542 0
1543 3
1544 2
1545 3
1546 0
1547 0
1548 2
1549 3
1550 2
1551 0
1552 0
1553 2
1554 2
1555 2
1556 0
1557 0
1558 2
1559 2
1560 1
1561 1
1562 1
1563 0
1564 1
1565 2
1566 2
1567 2
1568 2
1569 0
1570 2
1571 0
1572 3
1573 2
1574 1
1575 1
1576 2
1577 1
1578 1
1579 1
1580 0
1581 3
1582 2
1583 0
1584 2
1585 2
1586 3
1587 2
1588 3
1589 2
1590 0
1591 1
1592 1
1593 1
1594 3
1595 1
1596 1
1597 1
1598 1
1599 2
1600 1
1601 1
1602 2
1603 0
1604 1
1605 0
1606 1
1607 1
1608 0
1609 1
1610 1
1611 0
1612 2
1613 0
1614 3
1615 0
1616 1
1617 2
1618 1
1619 1
1620 2
1621 1
1622 0
1623 2
1624 2
1625 2
1626 2
1627 2
1628 0
1629 0
1630 0
1631 1
1632 0
1633 1
1634 0
1635 2
1636 0
1637 1
1638 1
1639 0
1640 1
1641 0
1642 2
1643 1
1644 2
1645 1
1646 0
1647 2
1648 0
1649 1
1650 0
1651 1
1652 0
1653 0
1654 0
1655 1
1656 1
1657 1
1658 1
1659 1
1660 2
1661 1
1662 2
1663 1
1664 1
1665 2
1666 0
1667 2
1668 1
1669 1
1670 1
1671 2
1672 0
1673 0
1674 0
1675 2
1676 2
1677 2
1678 0
1679 1
1680 0
1681 1
1682 1
1683 1
1684 1
1685 2
1686 0
1687 1
1688 0
1689 0
1690 2
1691 3
1692 1
1693 1
1694 1
1695 1
1696 2
1697 1
1698 0
1699 0
1700 0
1701 1
1702 1
1703 2
1704 1
1705 1
1706 2
1707 0
1708 0
1709 2
1710 1
1711 2
1712 2
1713 1
1714 2
1715 2
1716 1
1717 1
1718 1
1719 1
1720 1
1721 2
1722 1
1723 1
1724 1
1725 1
1726 0
1727 1
1728 1
1729 2
1730 2
1731 1
1732 2
1733 1
1734 0
1735 0
1736 1
1737 1
1738 0
1739 1
1740 0
1741 1
1742 1
1743 2
1744 3
1745 1
1746 1
1747 2
1748 0
1749 2
1750 1
1751 0
1752 0
1753 0
1754 0
1755 0
1756 1
1757 0
1758 1
1759 1
1760 0
1761 1
1762 2
1763 1
1764 1
1765 1
1766 1
1767 1
1768 1
1769 1
1770 2
1771 1
1772 0
1773 1
1774 0
1775 1
1776 0
1777 1
1778 1
1779 1
1780 0
1781 2
1782 2
1783 1
1784 0
1785 0
1786 0
1787 2
1788 1
1789 1
1790 2
1791 0
1792 0
1793 0
1794 0
1795 0
1796 1
1797 2
1798 2
1799 1
1800 1
1801 0
1802 2
1803 0
1804 2
1805 1
1806 0
1807 2
1808 0
1809 3
1810 3
1811 1
1812 0
1813 2
1814 2
1815 1
1816 2
1817 0
1818 0
1819 0
1820 0
1821 0
1822 0
1823 0
1824 1
1825 0
1826 2
1827 1
1828 2
1829 2
1830 0
1831 3
1832 2
1833 1
1834 0
1835 0
1836 1
1837 1
1838 1
1839 2
1840 0
1841 1
1842 2
1843 1
1844 1
1845 1
1846 2
1847 0
1848 0
1849 1
1850 0
1851 0
1852 2
1853 1
1854 0
1855 1
1856 0
1857 0
1858 2
1859 0
1860 2
1861 2
1862 0
1863 0
1864 2
1865 0
1866 1
1867 1
1868 1
1869 0
1870 1
1871 2
1872 0
1873 0
1874 1
1875 1
1876 1
1877 1
1878 2
1879 1
1880 2
1881 1
1882 2
1883 1
1884 0
1885 0
1886 2
1887 0
1888 0
1889 2
1890 3
1891 1
1892 0
1893 0
1894 0
1895 1
1896 1
1897 0
1898 0
1899 1
1900 1
1901 1
1902 1
1903 0
1904 0
1905 1
1906 2
1907 2
1908 0
1909 1
1910 2
1911 0
1912 1
1913 3
1914 0
1915 0
1916 0
1917 0
1918 1
1919 0
1920 1
1921 1
1922 2
1923 1
1924 0
1925 1
1926 2
1927 1
1928 0
1929 1
1930 0
1931 1
1932 1
1933 2
1934 0
1935 1
1936 3
1937 2
1938 2
1939 0
1940 1
1941 1
1942 2
1943 0
1944 2
1945 0
1946 0
1947 2
1948 2
1949 0
1950 1
1951 1
1952 1
1953 0
1954 0
1955 3
1956 3
1957 0
1958 1
1959 1
1960 0
1961 2
1962 2
1963 1
1964 1
1965 1
1966 2
1967 1
1968 0
1969 2
1970 1
1971 2
1972 0
1973 0
1974 0
1975 2
1976 2
1977 1
1978 1
1979 1
1980 0
1981 1
1982 0
1983 1
1984 0
1985 2
1986 2
1987 0
1988 1
1989 1
1990 1
1991 1
1992 2
1993 2
1994 2
1995 1
1996 2
1997 0
1998 0
1999 2
2000 0
2001 2
2002 1
2003 0
2004 1
2005 0
2006 1
2007 0
2008 1
2009 1
2010 0
2011 1
2012 2
2013 1
2014 2
2015 0
2016 2
2017 2
2018 1
2019 0
2020 1
2021 1
2022 1
2023 0
2024 0
2025 1
2026 1
2027 2
2028 2
2029 2
2030 0
2031 3
2032 0
2033 1
2034 3
2035 0
2036 2
2037 0
2038 2
2039 1
2040 1
2041 1
2042 2
2043 3
2044 0
2045 2
2046 2
2047 1
2048 0
2049 0
2050 1
2051 0
2052 1
2053 0
2054 1
2055 1
2056 0
2057 2
2058 2
2059 2
2060 1
2061 1
2062 2
2063 0
2064 0
2065 3
2066 0
2067 2
2068 0
2069 0
2070 0
2071 1
2072 1
2073 2
2074 1
2075 0
2076 0
2077 1
2078 3
2079 2
2080 0
2081 1
2082 0
2083 2
2084 1
2085 1
2086 2
2087 1
2088 0
2089 0
2090 0
2091 0
2092 1
2093 2
2094 1
2095 2
2096 1
2097 0
2098 0
2099 1
2100 3
2101 0
2102 1
2103 2
2104 2
2105 0
2106 1
2107 0
2108 3
2109 0
2110 1
2111 0
2112 1
2113 1
2114 0
2115 1
2116 0
2117 0
2118 2
2119 1
2120 0
2121 0
2122 0
2123 0
2124 3
2125 2
2126 2
2127 3
2128 2
2129 0
2130 2
2131 1
2132 2
2133 1
2134 2
2135 1
2136 0
2137 1
2138 3
2139 2
2140 2
2141 1
2142 1
2143 1
2144 2
2145 2
2146 0
2147 0
2148 1
2149 1
2150 0
2151 0
2152 1
2153 1
2154 1
2155 0
2156 2
2157 0
2158 0
2159 3
2160 1
2161 1
2162 0
2163 1
2164 2
2165 2
2166 0
2167 0
2168 0
2169 2
2170 0
2171 2
2172 1
2173 2
2174 0
2175 0
2176 2
2177 0
2178 2
2179 2
2180 1
2181 2
2182 0
2183 1
2184 2
2185 1
2186 0
2187 0
2188 0
2189 1
2190 3
2191 0
2192 1
2193 0
2194 0
2195 0
2196 1
2197 3
2198 0
2199 2
2200 0
2201 2
2202 1
2203 0
2204 0
2205 0
2206 1
2207 0
2208 1
2209 1
2210 2
2211 1
2212 1
2213 2
2214 2
2215 3
2216 0
2217 0
2218 2
2219 1
2220 1
2221 0
2222 1
2223 1
2224 1
2225 2
2226 1
2227 2
2228 1
2229 3
2230 0
2231 0
2232 1
2233 3
2234 2
2235 0
2236 2
2237 1
2238 0
2239 1
2240 1
2241 0
2242 1
2243 2
2244 3
2245 2
2246 2
2247 2
2248 1
2249 1
2250 3
2251 2
2252 0
2253 1
2254 2
2255 2
2256 0
2257 0
2258 2
2259 1
2260 0
2261 1
2262 1
2263 2
2264 1
2265 0
2266 1
2267 1
2268 1
2269 0
2270 1
2271 1
2272 1
2273 0
2274 2
2275 3
2276 2
2277 1
2278 1
2279 0
2280 0
2281 3
2282 0
2283 1
2284 2
2285 0
2286 0
2287 2
2288 1
2289 0
2290 3
2291 1
2292 3
2293 3
2294 0
2295 3
2296 1
2297 0
2298 3
2299 2
2300 0
2301 2
2302 1
2303 1
2304 0
2305 1
2306 0
2307 1
2308 0
2309 0
2310 0
2311 2
2312 3
2313 2
2314 2
2315 1
2316 1
2317 0
2318 2
2319 2
2320 0
2321 1
2322 1
2323 2
2324 2
2325 1
2326 0
2327 0
2328 1
2329 2
2330 1
2331 2
2332 2
2333 2
2334 0
2335 1
2336 0
2337 2
2338 2
2339 2
2340 2
2341 1
2342 1
2343 0
2344 0
2345 0
2346 1
2347 0
2348 2
2349 3
2350 0
2351 0
2352 1
2353 0
2354 0
2355 0
2356 0
2357 1
2358 3
2359 0
2360 0
2361 1
2362 0
2363 2
2364 0
2365 1
2366 2
2367 3
2368 1
2369 1
2370 2
2371 1
2372 1
2373 1
2374 3
2375 1
2376 2
2377 1
2378 1
2379 1
2380 0
2381 1
2382 2
2383 2
2384 0
2385 0
2386 2
2387 1
2388 0
2389 1
2390 1
2391 2
2392 0
2393 2
2394 0
2395 0
2396 1
2397 0
2398 1
2399 2
2400 0
2401 0
2402 0
2403 2
2404 0
2405 0
2406 1
2407 1
2408 1
2409 2
2410 2
2411 1
2412 0
2413 0
2414 1
2415 2
2416 0
2417 0
2418 1
2419 2
2420 0
2421 1
2422 0
2423 0
2424 3
2425 1
2426 0
2427 2
2428 0
2429 2
2430 2
2431 1
2432 0
2433 2
2434 2
2435 1
2436 0
2437 0
2438 0
2439 0
2440 2
2441 2
2442 0
2443 0
2444 1
2445 2
2446 2
2447 2
2448 1
2449 1
2450 1
2451 0
2452 0
2453 2
2454 0
2455 3
2456 2
2457 1
2458 1
2459 1
2460 1
2461 1
2462 2
2463 1
2464 0
2465 1
2466 1
2467 1
2468 2
2469 2
2470 3
2471 2
2472 3
2473 2
2474 0
2475 0
2476 0
2477 2
2478 1
2479 1
2480 1
2481 0
2482 0
2483 2
2484 0
2485 1
2486 0
2487 2
2488 2
2489 0
2490 1
2491 1
2492 2
2493 1
2494 0
2495 2
2496 1
2497 1
2498 1
2499 0
2500 1
2501 0
2502 3
2503 1
2504 2
2505 0
2506 0
2507 1
2508 1
2509 3
2510 2
2511 0
2512 1
2513 0
2514 2
2515 0
2516 0
2517 0
2518 1
2519 0
2520 2
2521 2
2522 1
2523 0
2524 1
2525 1
2526 0
2527 0
2528 0
2529 1
2530 1
2531 1
2532 2
2533 0
2534 2
2535 0
2536 0
2537 1
2538 0
2539 1
2540 0
2541 2
2542 1
2543 0
2544 2
2545 2
2546 1
2547 0
2548 2
2549 1
2550 1
2551 1
2552 1
2553 0
2554 1
2555 1
2556 0
2557 0
2558 0
2559 2
2560 2
2561 2
2562 0
2563 1
2564 0
2565 0
2566 1
2567 0
2568 0
2569 1
2570 2
2571 0
2572 1
2573 1
2574 0
2575 2
2576 1
2577 0
2578 1
2579 2
2580 2
2581 1
2582 0
2583 0
2584 0
2585 2
2586 2
2587 2
2588 1
2589 2
2590 1
2591 2
2592 0
2593 0
2594 2
2595 2
2596 1
2597 0
2598 0
2599 0
2600 2
2601 0
2602 1
2603 1
2604 3
2605 2
2606 0
2607 1
2608 1
2609 1
2610 2
2611 1
2612 2
2613 2
2614 2
2615 1
2616 1
2617 3
2618 1
2619 0
2620 2
2621 0
2622 1
2623 0
2624 0
2625 2
2626 0
2627 0
2628 1
2629 0
2630 3
2631 2
2632 2
2633 2
2634 1
2635 1
2636 1
2637 1
2638 0
2639 2
2640 2
2641 1
2642 1
2643 2
2644 2
2645 1
2646 2
2647 0
2648 1
2649 0
2650 3
2651 2
2652 2
2653 2
2654 0
2655 0
2656 2
2657 0
2658 1
2659 2
2660 0
2661 0
2662 1
2663 0
2664 1
2665 2
2666 1
2667 0
2668 0
2669 2
2670 1
2671 1
2672 2
2673 0
2674 2
2675 1
2676 0
2677 2
2678 1
2679 0
2680 1
2681 2
2682 1
2683 2
2684 0
2685 0
2686 2
2687 1
2688 1
2689 2
2690 3
2691 2
2692 2
2693 0
2694 0
2695 0
2696 2
2697 1
2698 0
2699 1
2700 2
2701 2
2702 2
2703 1
2704 2
2705 1
2706 0
2707 2
2708 2
2709 2
2710 1
2711 2
2712 3
2713 2
2714 2
2715 0
2716 1
2717 0
2718 0
2719 0
2720 2
2721 1
2722 0
2723 1
2724 3
2725 1
2726 2
2727 2
2728 0
2729 1
2730 1
2731 1
2732 2
2733 1
2734 0
2735 0
2736 1
2737 0
2738 0
2739 1
2740 1
2741 3
2742 2
2743 0
2744 1
2745 0
2746 2
2747 2
2748 3
2749 2
2750 2
2751 2
2752 2
2753 0
2754 2
2755 1
2756 1
2757 0
2758 2
2759 0
2760 1
2761 1
2762 1
2763 1
2764 0
2765 2
2766 3
2767 1
2768 0
2769 3
2770 1
2771 0
2772 1
2773 0
2774 1
2775 0
2776 2
2777 1
2778 2
2779 0
2780 1
2781 2
2782 1
2783 1
2784 2
2785 0
2786 3
2787 1
2788 0
2789 1
2790 2
2791 2
2792 2
2793 2
2794 0
2795 3
2796 1
2797 1
2798 2
2799 0
2800 1
2801 1
2802 2
2803 2
2804 2
2805 2
2806 0
2807 2
2808 0
2809 2
2810 1
2811 0
2812 0
2813 1
2814 0
2815 1
2816 1
2817 0
2818 1
2819 0
2820 2
2821 1
2822 2
2823 1
2824 1
2825 2
2826 0
2827 1
2828 2
2829 2
2830 0
2831 3
2832 0
2833 2
2834 3
2835 0
2836 0
2837 0
2838 1
2839 2
2840 0
2841 1
2842 2
2843 0
2844 0
2845 1
2846 0
2847 0
2848 0
2849 3
2850 2
2851 0
2852 1
2853 1
2854 0
2855 1
2856 3
2857 1
2858 1
2859 3
2860 1
2861 2
2862 0
2863 0
2864 0
2865 0
2866 1
2867 0
2868 2
2869 1
2870 1
2871 3
2872 1
2873 2
2874 2
2875 2
2876 1
2877 0
2878 0
2879 1
2880 1
2881 1
2882 3
2883 0
2884 2
2885 3
2886 2
2887 2
2888 3
2889 1
2890 0
2891 1
2892 0
2893 1
2894 1
2895 0
2896 1
2897 1
2898 0
2899 3
2900 1
2901 1
2902 2
2903 1
2904 2
2905 1
2906 1
2907 1
2908 1
2909 0
2910 1
2911 1
2912 0
2913 2
2914 0
2915 3
2916 3
2917 0
2918 2
2919 1
2920 1
2921 2
2922 2
2923 0
2924 1
2925 1
2926 1
2927 0
2928 0
2929 0
2930 2
2931 1
2932 3
2933 2
2934 1
2935 1
2936 1
2937 0
2938 1
2939 1
2940 2
2941 2
2942 2
2943 1
2944 1
2945 0
2946 3
2947 2
2948 1
2949 2
2950 1
2951 2
2952 3
2953 1
2954 0
2955 2
2956 0
2957 0
2958 2
2959 2
2960 0
2961 0
2962 1
2963 1
2964 1
2965 1
2966 0
2967 2
2968 0
2969 1
2970 2
2971 1
2972 2
2973 1
2974 1
2975 0
2976 0
2977 3
2978 3
2979 1
2980 1
2981 0
2982 1
2983 0
2984 2
2985 3
2986 1
2987 2
2988 0
2989 1
2990 2
2991 0
2992 0
2993 2
2994 3
2995 0
2996 3
2997 0
2998 2
2999 2
3000 1
3001 2
3002 1
3003 1
3004 1
3005 2
3006 0
3007 2
3008 2
3009 0
3010 2
3011 0
3012 3
3013 1
3014 3
3015 1
3016 0
3017 2
3018 0
3019 0
3020 2
3021 1
3022 1
3023 0
3024 0
3025 1
3026 0
3027 2
3028 0
3029 1
3030 0
3031 1
3032 1
3033 3
3034 3
3035 0
3036 0
3037 3
3038 0
3039 1
3040 2
3041 0
3042 3
3043 2
3044 2
3045 3
3046 2
3047 1
3048 3
3049 0
3050 0
3051 1
3052 1
3053 2
3054 0
3055 2
3056 1
3057 2
3058 1
3059 1
3060 1
3061 3
3062 2
3063 2
3064 1
3065 1
3066 2
3067 1
3068 0
3069 2
3070 1
3071 1
3072 1
3073 1
3074 0
3075 1
3076 0
3077 3
3078 2
3079 2
3080 0
3081 2
3082 2
3083 2
3084 2
3085 0
3086 1
3087 1
3088 0
3089 3
3090 1
3091 0
3092 0
3093 2
3094 0
3095 2
3096 3
3097 2
3098 0
3099 3
3100 0
3101 0
3102 2
3103 1
3104 0
3105 1
3106 0
3107 0
3108 0
3109 0
3110 1
3111 2
3112 0
3113 1
3114 2
3115 1
3116 1
3117 3
3118 0
3119 2
3120 0
3121 1
3122 1
3123 0
3124 0
3125 3
3126 0
3127 0
3128 1
3129 2
3130 0
3131 2
3132 2
3133 1
3134 1
3135 2
3136 2
3137 1
3138 0
3139 2
3140 3
3141 2
3142 1
3143 0
3144 0
3145 0
3146 1
3147 0
3148 1
3149 3
3150 1
3151 0
3152 1
3153 4
3154 2
3155 1
3156 1
3157 1
3158 1
3159 0
3160 0
3161 2
3162 0
3163 1
3164 1
3165 2
3166 0
3167 2
3168 1
3169 2
3170 0
3171 0
3172 0
3173 2
3174 1
3175 3
3176 2
3177 2
3178 0
3179 0
3180 1
3181 1
3182 2
3183 0
3184 0
3185 2
3186 0
3187 0
3188 1
3189 3
3190 0
3191 1
3192 0
3193 0
3194 2
3195 0
3196 1
3197 1
3198 2
3199 1
3200 3
3201 3
3202 1
3203 0
3204 1
3205 2
3206 0
3207 2
3208 0
3209 1
3210 0
3211 0
3212 1
3213 0
3214 2
3215 1
3216 2
3217 2
3218 0
3219 1
3220 0
3221 3
3222 2
3223 1
3224 3
3225 0
3226 1
3227 1
3228 0
3229 2
3230 0
3231 0
3232 2
3233 3
3234 0
3235 2
3236 2
3237 2
3238 0
3239 0
3240 2
3241 2
3242 2
3243 1
3244 0
3245 0
3246 0
3247 0
3248 1
3249 0
3250 2
3251 2
3252 2
3253 2
3254 0
3255 1
3256 1
3257 0
3258 1
3259 2
3260 2
3261 3
3262 1
3263 0
3264 1
3265 2
3266 1
3267 0
3268 2
3269 1
3270 1
3271 1
3272 3
3273 2
3274 0
3275 0
3276 1
3277 1
3278 2
3279 0
3280 1
3281 2
3282 0
3283 2
3284 2
3285 1
3286 0
3287 2
3288 0
3289 2
3290 1
3291 2
3292 2
3293 1
3294 3
3295 3
3296 1
3297 0
3298 0
3299 1
3300 1
3301 2
3302 0
3303 1
3304 2
3305 1
3306 1
3307 2
3308 0
3309 0
3310 1
3311 2
3312 1
3313 2
3314 2
3315 2
3316 1
3317 3
3318 1
3319 2
3320 0
3321 1
3322 0
3323 1
3324 2
3325 2
3326 1
3327 1
3328 1
3329 0
3330 0
3331 2
3332 0
3333 0
3334 1
3335 1
3336 1
3337 2
3338 2
3339 3
3340 1
3341 0
3342 0
3343 1
3344 0
3345 1
3346 0
3347 0
3348 0
3349 2
3350 1
3351 1
3352 2
3353 2
3354 1
3355 1
3356 3
3357 1
3358 2
3359 2
3360 1
3361 1
3362 1
3363 2
3364 2
3365 1
3366 3
3367 1
3368 3
3369 2
3370 3
3371 1
3372 0
3373 0
3374 1
3375 2
3376 1
3377 1
3378 0
3379 0
3380 3
3381 3
3382 0
3383 0
3384 0
3385 1
3386 1
3387 3
3388 0
3389 0
3390 1
3391 0
3392 3
3393 1
3394 1
3395 0
3396 0
3397 1
3398 2
3399 1
3400 1
3401 0
3402 0
3403 0
3404 0
3405 0
3406 1
3407 0
3408 3
3409 1
3410 2
3411 1
3412 0
3413 2
3414 3
3415 0
3416 2
3417 1
3418 3
3419 0
3420 1
3421 0
3422 2
3423 2
3424 0
3425 2
3426 1
3427 0
3428 0
3429 2
3430 1
3431 2
3432 2
3433 1
3434 2
3435 0
3436 3
3437 1
3438 0
3439 1
3440 0
3441 0
3442 1
3443 0
3444 2
3445 2
3446 2
3447 2
3448 2
3449 1
3450 2
3451 2
3452 2
3453 1
3454 0
3455 1
3456 1
3457 1
3458 1
3459 1
3460 1
3461 3
3462 0
3463 1
3464 2
3465 2
3466 2
3467 0
3468 2
3469 1
3470 1
3471 1
3472 1
3473 3
3474 0
3475 2
3476 1
3477 1
3478 0
3479 2
3480 0
3481 0
3482 0
3483 1
3484 0
3485 1
3486 1
3487 1
3488 2
3489 0
3490 1
3491 1
3492 1
3493 2
3494 2
3495 2
3496 2
3497 1
3498 0
3499 0
3500 1
3501 0
3502 1
3503 0
3504 0
3505 0
3506 2
3507 1
3508 1
3509 2
3510 0
3511 1
3512 1
3513 0
3514 2
3515 0
3516 2
3517 0
3518 2
3519 2
3520 2
3521 1
3522 0
3523 0
3524 1
3525 2
3526 1
3527 0
3528 1
3529 0
3530 0
3531 2
3532 1
3533 0
3534 2
3535 1
3536 0
3537 0
3538 2
3539 2
3540 0
3541 0
3542 1
3543 2
3544 0
3545 2
3546 1
3547 1
3548 0
3549 1
3550 3
3551 1
3552 0
3553 2
3554 1
3555 0
3556 1
3557 0
3558 1
3559 1
3560 2
3561 3
3562 1
3563 1
3564 1
3565 2
3566 0
3567 0
3568 2
3569 0
3570 1
3571 0
3572 0
3573 1
3574 3
3575 1
3576 0
3577 2
3578 1
3579 3
3580 1
3581 0
3582 0
3583 2
3584 0
3585 0
3586 0
3587 3
3588 2
3589 2
3590 2
3591 0
3592 3
3593 2
3594 1
3595 1
3596 0
3597 2
3598 2
3599 1
3600 0
3601 1
3602 1
3603 2
3604 1
3605 1
3606 1
3607 1
3608 0
3609 1
3610 2
3611 2
3612 0
3613 2
3614 0
3615 3
3616 1
3617 0
3618 1
3619 1
3620 0
3621 3
3622 1
3623 0
3624 2
3625 0
3626 1
3627 1
3628 0
3629 0
3630 1
3631 0
3632 0
3633 0
3634 0
3635 2
3636 2
3637 3
3638 0
3639 1
3640 4
3641 1
3642 3
3643 0
3644 0
3645 0
3646 1
3647 2
3648 1
3649 2
3650 0
3651 1
3652 2
3653 0
3654 2
3655 0
3656 0
3657 0
3658 0
3659 0
3660 2
3661 0
3662 2
3663 1
3664 1
3665 0
3666 0
3667 2
3668 0
3669 0
3670 3
3671 0
3672 0
3673 1
3674 1
3675 1
3676 2
3677 0
3678 1
3679 0
3680 1
3681 0
3682 1
3683 1
3684 1
3685 1
3686 0
3687 1
3688 2
3689 0
3690 0
3691 0
3692 1
3693 2
3694 2
3695 2
3696 0
3697 1
3698 1
3699 0
3700 1
3701 2
3702 0
3703 2
3704 1
3705 2
3706 2
3707 1
3708 2
3709 1
3710 1
3711 2
3712 1
3713 0
3714 0
3715 1
3716 1
3717 2
3718 0
3719 2
3720 3
3721 1
3722 0
3723 3
3724 2
3725 2
3726 0
3727 3
3728 0
3729 0
3730 0
3731 2
3732 1
3733 3
3734 2
3735 0
3736 2
3737 1
3738 0
3739 1
3740 2
3741 0
3742 2
3743 2
3744 0
3745 2
3746 2
3747 0
3748 2
3749 1
3750 2
3751 2
3752 0
3753 2
3754 1
3755 0
3756 2
3757 0
3758 2
3759 0
3760 1
3761 0
3762 1
3763 0
3764 1
3765 0
3766 1
3767 2
3768 0
3769 2
3770 1
3771 1
3772 0
3773 1
3774 3
3775 3
3776 0
3777 0
3778 2
3779 1
3780 3
3781 1
3782 0
3783 0
3784 0
3785 2
3786 1
3787 1
3788 1
3789 3
3790 1
3791 2
3792 0
3793 1
3794 0
3795 1
3796 2
3797 1
3798 1
3799 0
3800 0
3801 1
3802 0
3803 1
3804 0
3805 1
3806 0
3807 1
3808 0
3809 3
3810 0
3811 0
3812 1
3813 2
3814 0
3815 2
3816 2
3817 1
3818 0
3819 0
3820 3
3821 0
3822 0
3823 2
3824 1
3825 1
3826 0
3827 1
3828 2
3829 2
3830 1
3831 1
3832 1
3833 2
3834 1
3835 0
3836 0
3837 2
3838 2
3839 0
3840 0
3841 0
3842 1
3843 1
3844 0
3845 2
3846 1
3847 0
3848 1
3849 2
3850 1
3851 0
3852 1
3853 3
3854 1
3855 0
3856 1
3857 3
3858 1
3859 2
3860 2
3861 1
3862 1
3863 2
3864 0
3865 1
3866 0
3867 2
3868 0
3869 2
3870 1
3871 1
3872 0
3873 1
3874 1
3875 1
3876 2
3877 1
3878 1
3879 1
3880 0
3881 1
3882 1
3883 0
3884 1
3885 0
3886 1
3887 1
3888 1
3889 1
3890 1
3891 1
3892 0
3893 0
3894 0
3895 1
3896 0
3897 0
3898 0
3899 0
3900 1
3901 1
3902 1
3903 2
3904 2
3905 2
3906 0
3907 0
3908 0
3909 1
3910 2
3911 1
3912 0
3913 2
3914 0
3915 1
3916 3
3917 1
3918 2
3919 0
3920 3
3921 0
3922 3
3923 1
3924 0
3925 0
3926 1
3927 2
3928 1
3929 2
3930 0
3931 1
3932 0
3933 1
3934 1
3935 0
3936 2
3937 1
3938 1
3939 0
3940 0
3941 2
3942 0
3943 0
3944 1
3945 0
3946 0
3947 2
3948 3
3949 2
3950 1
3951 2
3952 0
3953 2
3954 2
3955 0
3956 0
3957 1
3958 2
3959 0
3960 0
3961 2
3962 2
3963 0
3964 0
3965 1
3966 1
3967 2
3968 2
3969 2
3970 4
3971 0
3972 1
3973 2
3974 0
3975 0
3976 1
3977 1
3978 1
3979 2
3980 2
3981 2
3982 0
3983 1
3984 0
3985 2
3986 0
3987 0
3988 1
3989 1
3990 2
3991 0
3992 1
3993 0
3994 0
3995 1
3996 1
3997 0
3998 2
3999 1
4000 0
4001 2
4002 0
4003 0
4004 2
4005 1
4006 3
4007 2
4008 0
4009 1
4010 1
4011 2
4012 0
4013 1
4014 2
4015 1
4016 0
4017 0
4018 0
4019 1
4020 2
4021 1
4022 1
4023 0
4024 1
4025 0
4026 0
4027 1
4028 2
4029 2
4030 0
4031 1
4032 2
4033 0
4034 2
4035 2
4036 0
4037 0
4038 1
4039 1
4040 2
4041 1
4042 2
4043 2
4044 0
4045 1
4046 0
4047 0
4048 1
4049 3
4050 3
4051 0
4052 0
4053 2
4054 0
4055 1
4056 1
4057 1
4058 3
4059 2
4060 0
4061 1
4062 1
4063 0
4064 0
4065 0
4066 0
4067 0
4068 1
4069 0
4070 1
4071 1
4072 2
4073 0
4074 3
4075 0
4076 0
4077 1
4078 2
4079 1
4080 0
4081 2
4082 2
4083 2
4084 0
4085 1
4086 2
4087 2
4088 2
4089 1
4090 0
4091 2
4092 0
4093 2
4094 1
4095 0
4096 0
4097 3
4098 1
4099 0
4100 2
4101 0
4102 1
4103 0
4104 1
4105 0
4106 0
4107 1
4108 2
4109 2
4110 1
4111 0
4112 1
4113 1
4114 3
4115 0
4116 1
4117 1
4118 1
4119 2
4120 1
4121 2
4122 0
4123 2
4124 3
4125 1
4126 0
4127 0
4128 2
4129 3
4130 0
4131 0
4132 1
4133 3
4134 2
4135 0
4136 0
4137 2
4138 0
4139 2
4140 1
4141 2
4142 0
4143 0
4144 0
4145 1
4146 2
4147 1
4148 2
4149 0
4150 0
4151 2
4152 1
4153 0
4154 0
4155 1
4156 0
4157 2
4158 0
4159 3
4160 0
4161 3
4162 0
4163 2
4164 0
4165 1
4166 0
4167 2
4168 1
4169 2
4170 0
4171 2
4172 0
4173 0
4174 0
4175 1
4176 2
4177 0
4178 1
4179 0
4180 2
4181 0
4182 1
4183 0
4184 2
4185 1
4186 1
4187 0
4188 2
4189 2
4190 0
4191 1
4192 1
4193 0
4194 2
4195 0
4196 1
4197 1
4198 3
4199 2
4200 1
4201 1
4202 1
4203 0
4204 1
4205 0
4206 1
4207 1
4208 1
4209 0
4210 0
4211 1
4212 2
4213 1
4214 2
4215 2
4216 0
4217 0
4218 1
4219 0
4220 0
4221 0
4222 1
4223 0
4224 2
4225 0
4226 0
4227 1
4228 1
4229 1
4230 0
4231 2
4232 2
4233 0
4234 1
4235 0
4236 1
4237 0
4238 0
4239 3
4240 3
4241 1
4242 1
4243 1
4244 0
4245 0
4246 1
4247 3
4248 1
4249 3
4250 1
4251 0
4252 2
4253 1
4254 0
4255 1
4256 1
4257 1
4258 2
4259 0
4260 1
4261 1
4262 0
4263 0
4264 2
4265 0
4266 2
4267 0
4268 2
4269 2
4270 1
4271 2
4272 2
4273 1
4274 0
4275 1
4276 2
4277 0
4278 0
4279 2
4280 3
4281 2
4282 2
4283 2
4284 0
4285 2
4286 1
4287 3
4288 1
4289 1
4290 2
4291 2
4292 0
4293 3
4294 0
4295 1
4296 0
4297 0
4298 0
4299 0
4300 0
4301 0
4302 0
4303 2
4304 1
4305 1
4306 2
4307 2
4308 2
4309 2
4310 0
4311 0
4312 2
4313 1
4314 0
4315 0
4316 3
4317 1
4318 2
4319 2
4320 1
4321 1
4322 1
4323 2
4324 2
4325 0
4326 2
4327 2
4328 0
4329 3
4330 2
4331 3
4332 2
4333 3
4334 3
4335 1
4336 0
4337 0
4338 2
4339 1
4340 2
4341 0
4342 1
4343 2
4344 0
4345 2
4346 1
4347 1
4348 1
4349 0
4350 3
4351 1
4352 0
4353 2
4354 2
4355 1
4356 1
4357 2
4358 0
4359 0
4360 0
4361 2
4362 2
4363 1
4364 0
4365 3
4366 0
4367 3
4368 2
4369 0
4370 0
4371 0
4372 2
4373 0
4374 0
4375 2
4376 2
4377 0
4378 2
4379 1
4380 1
4381 0
4382 2
4383 0
4384 1
4385 3
4386 0
4387 0
4388 0
4389 1
4390 2
4391 2
4392 0
4393 0
4394 2
4395 0
4396 2
4397 1
4398 0
4399 0
4400 1
4401 0
4402 0
4403 0
4404 0
4405 2
4406 1
4407 0
4408 1
4409 0
4410 0
4411 0
4412 1
4413 3
4414 1
4415 0
4416 1
4417 2
4418 0
4419 0
4420 2
4421 0
4422 1
4423 1
4424 1
4425 0
4426 2
4427 2
4428 2
4429 2
4430 2
4431 2
4432 1
4433 1
4434 1
4435 2
4436 2
4437 1
4438 2
4439 1
4440 0
4441 1
4442 0
4443 1
4444 1
4445 1
4446 1
4447 1
4448 2
4449 1
4450 1
4451 2
4452 1
4453 1
4454 1
4455 2
4456 2
4457 0
4458 2
4459 1
4460 1
4461 0
4462 2
4463 2
4464 1
4465 2
4466 1
4467 1
4468 0
4469 3
4470 3
4471 3
4472 3
4473 2
4474 0
4475 1
4476 1
4477 0
4478 0
4479 1
4480 1
4481 1
4482 2
4483 0
4484 0
4485 0
4486 3
4487 3
4488 0
4489 2
4490 1
4491 0
4492 2
4493 3
4494 2
4495 0
4496 3
4497 2
4498 0
4499 1
4500 2
4501 0
4502 2
4503 1
4504 0
4505 1
4506 1
4507 2
4508 2
4509 1
4510 3
4511 2
4512 1
4513 0
4514 2
4515 1
4516 2
4517 0
4518 1
4519 2
4520 2
4521 1
4522 1
4523 0
4524 3
4525 0
4526 2
4527 2
4528 1
4529 0
4530 2
4531 2
4532 0
4533 0
4534 0
4535 1
4536 0
4537 2
4538 0
4539 1
4540 0
4541 0
4542 2
4543 0
4544 0
4545 1
4546 1
4547 3
4548 0
4549 1
4550 1
4551 2
4552 2
4553 2
4554 0
4555 0
4556 0
4557 2
4558 3
4559 1
4560 2
4561 0
4562 0
4563 0
4564 1
4565 1
4566 0
4567 2
4568 1
4569 2
4570 1
4571 2
4572 0
4573 1
4574 1
4575 3
4576 0
4577 2
4578 2
4579 0
4580 2
4581 3
4582 0
4583 1
4584 2
4585 3
4586 2
4587 1
4588 0
4589 0
4590 0
4591 0
4592 1
4593 0
4594 1
4595 0
4596 3
4597 0
4598 1
4599 2
4600 0
4601 1
4602 0
4603 1
4604 1
4605 2
4606 2
4607 2
4608 2
4609 0
4610 2
4611 2
4612 2
4613 3
4614 0
4615 1
4616 1
4617 0
4618 0
4619 0
4620 2
4621 2
4622 2
4623 0
4624 3
4625 0
4626 0
4627 0
4628 2
4629 1
4630 0
4631 0
4632 2
4633 2
4634 1
4635 2
4636 0
4637 2
4638 0
4639 2
4640 2
4641 1
4642 1
4643 1
4644 1
4645 2
4646 1
4647 1
4648 0
4649 1
4650 1
4651 1
4652 0
4653 2
4654 2
4655 1
4656 3
4657 0
4658 2
4659 2
4660 1
4661 3
4662 3
4663 2
4664 2
4665 3
4666 2
4667 1
4668 1
4669 1
4670 0
4671 0
4672 0
4673 2
4674 2
4675 2
4676 0
4677 1
4678 0
4679 1
4680 3
4681 0
4682 2
4683 2
4684 1
4685 2
4686 1
4687 0
4688 1
4689 2
4690 0
4691 1
4692 2
4693 2
4694 2
4695 1
4696 2
4697 0
4698 2
4699 0
4700 0
4701 1
4702 2
4703 1
4704 0
4705 2
4706 2
4707 2
4708 1
4709 0
4710 1
4711 2
4712 0
4713 0
4714 0
4715 2
4716 3
4717 0
4718 1
4719 1
4720 3
4721 0
4722 2
4723 0
4724 2
4725 2
4726 0
4727 2
4728 1
4729 0
4730 2
4731 1
4732 1
4733 0
4734 1
4735 2
4736 2
4737 1
4738 2
4739 2
4740 1
4741 2
4742 0
4743 0
4744 1
4745 0
4746 3
4747 1
4748 0
4749 2
4750 2
4751 0
4752 0
4753 0
4754 1
4755 3
4756 2
4757 1
4758 1
4759 2
4760 0
4761 3
4762 2
4763 2
4764 1
4765 1
4766 1
4767 0
4768 0
4769 0
4770 2
4771 1
4772 0
4773 1
4774 2
4775 0
4776 1
4777 2
4778 1
4779 2
4780 1
4781 2
4782 2
4783 1
4784 1
4785 1
4786 0
4787 2
4788 2
4789 1
4790 0
4791 0
4792 1
4793 1
4794 1
4795 2
4796 1
4797 2
4798 0
4799 0
4800 1
4801 1
4802 0
4803 1
4804 2
4805 1
4806 0
4807 2
4808 1
4809 0
4810 1
4811 0
4812 1
4813 2
4814 3
4815 1
4816 3
4817 1
4818 2
4819 0
4820 1
4821 0
4822 2
4823 0
4824 0
4825 1
4826 2
4827 0
4828 2
4829 1
4830 1
4831 1
4832 2
4833 0
4834 1
4835 0
4836 1
4837 2
4838 1
4839 2
4840 0
4841 0
4842 0
4843 2
4844 0
4845 0
4846 0
4847 2
4848 0
4849 1
4850 2
4851 2
4852 0
4853 1
4854 1
4855 0
4856 0
4857 1
4858 0
4859 0
4860 0
4861 1
4862 2
4863 1
4864 1
4865 0
4866 2
4867 1
4868 1
4869 0
4870 2
4871 0
4872 0
4873 1
4874 0
4875 2
4876 1
4877 1
4878 2
4879 2
4880 2
4881 1
4882 1
4883 2
4884 0
4885 0
4886 0
4887 3
4888 2
4889 2
4890 1
4891 1
4892 1
4893 0
4894 1
4895 2
4896 0
4897 1
4898 0
4899 0
4900 2
4901 1
4902 0
4903 1
4904 1
4905 1
4906 0
4907 2
4908 2
4909 0
4910 0
4911 1
4912 0
4913 1
4914 0
4915 0
4916 0
4917 0
4918 0
4919 1
4920 0
4921 2
4922 1
4923 2
4924 2
4925 0
4926 0
4927 2
4928 0
4929 0
4930 2
4931 1
4932 2
4933 1
4934 0
4935 0
4936 2
4937 1
4938 0
4939 0
4940 1
4941 0
4942 1
4943 1
4944 0
4945 0
4946 1
4947 0
4948 1
4949 0
4950 1
4951 0
4952 1
4953 1
4954 0
4955 2
4956 1
4957 1
4958 1
4959 1
4960 3
4961 0
4962 0
4963 1
4964 0
4965 0
4966 1
4967 3
4968 0
4969 2
4970 0
4971 1
4972 2
4973 0
4974 1
4975 1
4976 1
4977 1
4978 1
4979 1
4980 1
4981 1
4982 2
4983 3
4984 1
4985 1
4986 0
4987 0
4988 0
4989 1
4990 0
4991 2
4992 2
4993 1
4994 1
4995 1
4996 2
4997 3
4998 0
4999 0
5000 0
5001 0
5002 0
5003 0
5004 2
5005 0
5006 0
5007 0
5008 2
5009 1
5010 2
5011 0
5012 2
5013 0
5014 1
5015 2
5016 0
5017 2
5018 2
5019 1
5020 1
5021 3
5022 2
5023 0
5024 2
5025 0
5026 1
5027 1
5028 2
5029 0
5030 2
5031 2
5032 1
5033 1
5034 2
5035 0
5036 0
5037 2
5038 0
5039 0
5040 0
5041 0
5042 2
5043 1
5044 3
5045 0
5046 2
5047 0
5048 2
5049 0
5050 2
5051 1
5052 0
5053 2
5054 0
5055 0
5056 1
5057 1
5058 0
5059 0
5060 2
5061 1
5062 0
5063 2
5064 2
5065 3
5066 1
5067 1
5068 1
5069 2
5070 0
5071 3
5072 1
5073 1
5074 0
5075 1
5076 1
5077 1
5078 0
5079 0
5080 2
5081 2
5082 2
5083 1
5084 0
5085 0
5086 2
5087 2
5088 0
5089 1
5090 2
5091 0
5092 2
5093 1
5094 2
5095 2
5096 1
5097 2
5098 0
5099 0
5100 2
5101 3
5102 0
5103 0
5104 0
5105 1
5106 2
5107 0
5108 0
5109 2
5110 0
5111 2
5112 1
5113 0
5114 1
5115 2
5116 2
5117 1
5118 2
5119 1
5120 0
5121 1
5122 2
5123 1
5124 2
5125 0
5126 1
5127 2
5128 1
5129 2
5130 1
5131 0
5132 0
5133 0
5134 2
5135 1
5136 1
5137 3
5138 1
5139 2
5140 0
5141 2
5142 2
5143 1
5144 2
5145 0
5146 0
5147 0
5148 2
5149 0
5150 0
5151 2
5152 3
5153 1
5154 1
5155 1
5156 2
5157 0
5158 2
5159 0
5160 0
5161 1
5162 1
5163 2
5164 3
5165 0
5166 0
5167 2
5168 0
5169 0
5170 1
5171 2
5172 0
5173 1
5174 0
5175 0
5176 1
5177 1
5178 1
5179 1
5180 1
5181 1
5182 0
5183 0
5184 3
5185 0
5186 1
5187 0
5188 2
5189 2
5190 1
5191 1
5192 2
5193 1
5194 0
5195 1
5196 2
5197 2
5198 2
5199 0
5200 0
5201 1
5202 0
5203 0
5204 0
5205 0
5206 0
5207 0
5208 1
5209 0
5210 2
5211 0
5212 2
5213 2
5214 2
5215 1
5216 2
5217 1
5218 0
5219 1
5220 2
5221 1
5222 1
5223 0
5224 1
5225 1
5226 0
5227 1
5228 0
5229 1
5230 0
5231 2
5232 0
5233 1
5234 2
5235 0
5236 0
5237 0
5238 0
5239 0
5240 1
5241 1
5242 0
5243 1
5244 0
5245 0
5246 2
5247 1
5248 1
5249 2
5250 2
5251 1
5252 0
5253 0
5254 0
5255 2
5256 2
5257 2
5258 0
5259 1
5260 1
5261 0
5262 1
5263 0
5264 3
5265 0
5266 2
5267 2
5268 1
5269 0
5270 1
5271 2
5272 0
5273 0
5274 1
5275 0
5276 1
5277 1
5278 2
5279 2
5280 2
5281 1
5282 2
5283 2
5284 1
5285 1
5286 0
5287 0
5288 2
5289 2
5290 0
5291 2
5292 1
5293 0
5294 1
5295 1
5296 1
5297 0
5298 2
5299 1
5300 0
5301 2
5302 2
5303 1
5304 0
5305 2
5306 0
5307 0
5308 0
5309 2
5310 2
5311 1
5312 2
5313 2
5314 1
5315 2
5316 1
5317 2
5318 2
5319 2
5320 1
5321 1
5322 1
5323 1
5324 0
5325 2
5326 0
5327 2
5328 0
5329 2
5330 1
5331 0
5332 1
5333 2
5334 0
5335 0
5336 1
5337 2
5338 0
5339 2
5340 2
5341 1
5342 0
5343 2
5344 0
5345 1
5346 0
5347 0
5348 1
5349 0
5350 1
5351 3
5352 1
5353 0
5354 0
5355 0
5356 2
5357 2
5358 1
5359 2
5360 2
5361 1
5362 1
5363 0
5364 3
5365 2
5366 1
5367 2
5368 0
5369 0
5370 1
5371 0
5372 0
5373 0
5374 1
5375 0
5376 1
5377 0
5378 0
5379 0
5380 1
5381 0
5382 0
5383 0
5384 0
5385 2
5386 1
5387 1
5388 2
5389 1
5390 1
5391 0
5392 2
5393 0
5394 1
5395 0
5396 1
5397 0
5398 1
5399 0
5400 3
5401 1
5402 1
5403 2
5404 0
5405 2
5406 1
5407 1
5408 1
5409 2
5410 1
5411 1
5412 2
5413 2
5414 1
5415 3
5416 2
5417 1
5418 2
5419 1
5420 0
5421 2
5422 2
5423 1
5424 0
5425 2
5426 0
5427 3
5428 1
5429 2
5430 3
5431 1
5432 0
5433 2
5434 1
5435 2
5436 2
5437 1
5438 1
5439 0
5440 2
5441 1
5442 0
5443 1
5444 2
5445 2
5446 1
5447 1
5448 0
5449 3
5450 1
5451 0
5452 0
5453 1
5454 1
5455 2
5456 0
5457 0
5458 1
5459 0
5460 0
5461 3
5462 2
5463 2
5464 1
5465 1
5466 0
5467 1
5468 1
5469 0
5470 2
5471 1
5472 0
5473 0
5474 1
5475 0
5476 1
5477 0
5478 3
5479 1
5480 2
5481 2
5482 0
5483 2
5484 0
5485 2
5486 0
5487 0
5488 0
5489 2
5490 1
5491 1
5492 0
5493 2
5494 1
5495 2
5496 1
5497 0
5498 2
5499 1
5500 2
5501 2
5502 2
5503 1
5504 2
5505 1
5506 2
5507 0
5508 3
5509 1
5510 0
5511 1
5512 2
5513 0
5514 2
5515 0
5516 0
5517 1
5518 2
5519 2
5520 1
5521 1
5522 1
5523 1
5524 0
5525 0
5526 0
5527 1
5528 1
5529 0
5530 0
5531 1
5532 2
5533 2
5534 0
5535 0
5536 1
5537 2
5538 0
5539 0
5540 2
5541 1
5542 2
5543 2
5544 0
5545 2
5546 0
5547 0
5548 0
5549 2
5550 0
5551 1
5552 2
5553 0
5554 2
5555 0
5556 1
5557 0
5558 0
5559 1
5560 3
5561 0
5562 1
5563 1
5564 1
5565 0
5566 0
5567 1
5568 2
5569 2
5570 2
5571 0
5572 1
5573 0
5574 0
5575 2
5576 1
5577 1
5578 1
5579 1
5580 1
5581 1
5582 1
5583 0
5584 2
5585 2
5586 0
5587 0
5588 0
5589 1
5590 1
5591 0
5592 2
5593 1
5594 1
5595 2
5596 0
5597 0
5598 1
5599 1
5600 2
5601 1
5602 2
5603 0
5604 2
5605 1
5606 1
5607 1
5608 1
5609 0
5610 1
5611 0
5612 2
5613 2
5614 0
5615 0
5616 0
5617 0
5618 1
5619 0
5620 3
5621 1
5622 3
5623 1
5624 2
5625 2
5626 2
5627 2
5628 1
5629 2
5630 0
5631 2
5632 0
5633 0
5634 0
5635 0
5636 2
5637 1
5638 1
5639 0
5640 1
5641 3
5642 1
5643 1
5644 1
5645 2
5646 1
5647 0
5648 0
5649 0
5650 2
5651 3
5652 0
5653 2
5654 0
5655 1
5656 1
5657 0
5658 1
5659 1
5660 1
5661 3
5662 2
5663 2
5664 0
5665 1
5666 0
5667 0
5668 2
5669 0
5670 1
5671 0
5672 1
5673 0
5674 3
5675 1
5676 1
5677 3
5678 0
5679 0
5680 1
5681 1
5682 2
5683 0
5684 1
5685 1
5686 1
5687 2
5688 1
5689 3
5690 0
5691 1
5692 1
5693 2
5694 1
5695 0
5696 0
5697 2
5698 2
5699 1
5700 0
5701 0
5702 1
5703 0
5704 1
5705 2
5706 2
5707 1
5708 2
5709 1
5710 1
5711 0
5712 1
5713 1
5714 1
5715 1
5716 1
5717 0
5718 2
5719 1
5720 1
5721 2
5722 1
5723 1
5724 3
5725 2
5726 2
5727 2
5728 0
5729 0
5730 0
5731 1
5732 2
5733 2
5734 3
5735 2
5736 1
5737 1
5738 1
5739 1
5740 0
5741 0
5742 2
5743 2
5744 1
5745 2
5746 0
5747 0
5748 0
5749 1
5750 2
5751 1
5752 1
5753 2
5754 1
5755 2
5756 2
5757 0
5758 1
5759 1
5760 1
5761 0
5762 2
5763 0
5764 0
5765 2
5766 1
5767 1
5768 1
5769 3
5770 0
5771 0
5772 0
5773 1
5774 0
5775 1
5776 1
5777 2
5778 1
5779 1
5780 2
5781 0
5782 1
5783 0
5784 0
5785 1
5786 2
5787 3
5788 1
5789 2
5790 2
5791 1
5792 1
5793 1
5794 0
5795 3
5796 1
5797 1
5798 2
5799 0
5800 0
5801 0
5802 1
5803 3
5804 1
5805 0
5806 1
5807 0
5808 0
5809 2
5810 1
5811 2
5812 2
5813 2
5814 0
5815 0
5816 0
5817 1
5818 0
5819 0
5820 1
5821 1
5822 2
5823 2
5824 0
5825 1
5826 2
5827 3
5828 0
5829 0
5830 1
5831 2
5832 0
5833 1
5834 1
5835 2
5836 3
5837 1
5838 1
5839 0
5840 0
5841 1
5842 1
5843 1
5844 1
5845 2
5846 0
5847 0
5848 2
5849 0
5850 2
5851 0
5852 2
5853 3
5854 2
5855 0
5856 2
5857 1
5858 2
5859 0
5860 2
5861 2
5862 1
5863 3
5864 1
5865 1
5866 2
5867 1
5868 1
5869 1
5870 2
5871 1
5872 0
5873 0
5874 2
5875 1
5876 2
5877 1
5878 2
5879 1
5880 2
5881 3
5882 0
5883 2
5884 1
5885 1
5886 1
5887 0
5888 3
5889 1
5890 1
5891 2
5892 1
5893 3
5894 1
5895 0
5896 0
5897 3
5898 2
5899 1
5900 2
5901 1
5902 1
5903 1
5904 1
5905 0
5906 2
5907 3
5908 1
5909 3
5910 1
5911 0
5912 0
5913 1
5914 0
5915 1
5916 0
5917 1
5918 0
5919 1
5920 1
5921 1
5922 3
5923 2
5924 2
5925 1
5926 2
5927 2
5928 1
5929 1
5930 1
5931 2
5932 3
5933 2
5934 2
5935 0
5936 1
5937 3
5938 1
5939 3
5940 1
5941 2
5942 0
5943 0
5944 0
5945 0
5946 2
5947 2
5948 2
5949 1
5950 0
5951 1
5952 3
5953 1
5954 2
5955 0
5956 0
5957 0
5958 1
5959 2
5960 0
5961 1
5962 1
5963 2
5964 2
5965 1
5966 2
5967 3
5968 1
5969 2
5970 3
5971 3
5972 1
5973 2
5974 1
5975 0
5976 1
5977 0
5978 0
5979 2
5980 0
5981 1
5982 2
5983 1
5984 1
5985 0
5986 2
5987 2
5988 1
5989 1
5990 0
5991 3
5992 0
5993 3
5994 1
5995 1
5996 1
5997 2
5998 3
5999 1
6000 3
6001 0
6002 3
6003 0
6004 1
6005 2
6006 2
6007 1
6008 1
6009 3
6010 1
6011 2
6012 0
6013 2
6014 0
6015 1
6016 0
6017 3
6018 1
6019 0
6020 2
6021 2
6022 2
6023 1
6024 1
6025 1
6026 1
6027 1
6028 2
6029 1
6030 1
6031 0
6032 1
6033 3
6034 1
6035 2
6036 0
6037 1
6038 1
6039 2
6040 0
6041 1
6042 0
6043 1
6044 0
6045 1
6046 0
6047 1
6048 0
6049 0
6050 3
6051 0
6052 2
6053 0
6054 0
6055 2
6056 1
6057 2
6058 0
6059 0
6060 2
6061 3
6062 1
6063 0
6064 1
6065 1
6066 1
6067 1
6068 1
6069 0
6070 0
6071 3
6072 2
6073 2
6074 1
6075 0
6076 2
6077 1
6078 1
6079 2
6080 2
6081 2
6082 0
6083 1
6084 2
6085 2
6086 1
6087 0
6088 2
6089 1
6090 1
6091 2
6092 1
6093 1
6094 1
6095 0
6096 0
6097 0
6098 2
6099 1
6100 3
6101 0
6102 1
6103 0
6104 0
6105 1
6106 1
6107 0
6108 2
6109 1
6110 3
6111 1
6112 1
6113 1
6114 1
6115 1
6116 2
6117 1
6118 2
6119 0
6120 0
6121 1
6122 1
6123 1
6124 0
6125 0
6126 2
6127 2
6128 0
6129 2
6130 2
6131 1
6132 1
6133 0
6134 2
6135 1
6136 2
6137 2
6138 0
6139 2
6140 1
6141 2
6142 1
6143 0
6144 0
6145 1
6146 2
6147 0
6148 2
6149 1
6150 3
6151 1
6152 1
6153 1
6154 2
6155 0
6156 0
6157 2
6158 1
6159 1
6160 1
6161 1
6162 2
6163 0
6164 2
6165 1
6166 2
6167 1
6168 1
6169 0
6170 0
6171 0
6172 1
6173 1
6174 2
6175 1
6176 2
6177 2
6178 1
6179 1
6180 2
6181 1
6182 1
6183 0
6184 1
6185 0
6186 1
6187 2
6188 0
6189 2
6190 2
6191 1
6192 1
6193 1
6194 0
6195 0
6196 2
6197 2
6198 0
6199 1
6200 1
6201 1
6202 0
6203 3
6204 1
6205 2
6206 0
6207 0
6208 0
6209 1
6210 0
6211 1
6212 1
6213 1
6214 0
6215 2
6216 2
6217 2
6218 1
6219 2
6220 1
6221 2
6222 0
6223 0
6224 0
6225 3
6226 3
6227 3
6228 1
6229 2
6230 2
6231 2
6232 0
6233 1
6234 2
6235 1
6236 3
6237 3
6238 0
6239 1
6240 2
6241 0
6242 1
6243 0
6244 2
6245 2
6246 2
6247 1
6248 1
6249 2
6250 1
6251 1
6252 0
6253 1
6254 2
6255 1
6256 1
6257 2
6258 0
6259 1
6260 1
6261 1
6262 2
6263 3
6264 0
6265 0
6266 0
6267 1
6268 1
6269 1
6270 2
6271 0
6272 1
6273 2
6274 1
6275 2
6276 0
6277 2
6278 2
6279 1
6280 2
6281 0
6282 0
6283 2
6284 3
6285 2
6286 1
6287 2
6288 2
6289 1
6290 1
6291 1
6292 1
6293 1
6294 2
6295 2
6296 1
6297 0
6298 0
6299 1
6300 2
6301 0
6302 2
6303 0
6304 3
6305 2
6306 0
6307 1
6308 1
6309 2
6310 1
6311 0
6312 0
6313 2
6314 1
6315 1
6316 1
6317 2
6318 0
6319 2
6320 1
6321 0
6322 2
6323 2
6324 1
6325 0
6326 1
6327 0
6328 2
6329 2
6330 2
6331 2
6332 0
6333 2
6334 2
6335 2
6336 3
6337 2
6338 1
6339 0
6340 1
6341 1
6342 1
6343 0
6344 0
6345 0
6346 2
6347 0
6348 2
6349 1
6350 2
6351 0
6352 1
6353 3
6354 1
6355 2
6356 1
6357 0
6358 1
6359 0
6360 1
6361 0
6362 2
6363 2
6364 2
6365 1
6366 1
6367 1
6368 1
6369 1
6370 0
6371 1
6372 2
6373 0
6374 1
6375 1
6376 1
6377 1
6378 2
6379 0
6380 0
6381 0
6382 1
6383 0
6384 0
6385 2
6386 0
6387 2
6388 1
6389 0
6390 3
6391 2
6392 1
6393 1
6394 2
6395 2
6396 2
6397 1
6398 1
6399 0
6400 1
6401 0
6402 2
6403 2
6404 0
6405 2
6406 0
6407 2
6408 0
6409 1
6410 1
6411 0
6412 0
6413 3
6414 0
6415 0
6416 0
6417 0
6418 1
6419 0
6420 3
6421 1
6422 2
6423 0
6424 0
6425 0
6426 2
6427 2
6428 1
6429 2
6430 2
6431 0
6432 3
6433 0
6434 3
6435 0
6436 0
6437 1
6438 0
6439 1
6440 1
6441 1
6442 2
6443 2
6444 0
6445 0
6446 1
6447 1
6448 0
6449 2
6450 3
6451 0
6452 0
6453 2
6454 2
6455 1
6456 0
6457 0
6458 2
6459 2
6460 1
6461 0
6462 0
6463 0
6464 1
6465 0
6466 1
6467 1
6468 1
6469 0
6470 0
6471 0
6472 0
6473 1
6474 1
6475 0
6476 2
6477 3
6478 0
6479 2
6480 2
6481 2
6482 0
6483 0
6484 1
6485 0
6486 0
6487 1
6488 2
6489 1
6490 1
6491 2
6492 2
6493 3
6494 1
6495 0
6496 0
6497 0
6498 1
6499 2
6500 2
6501 1
6502 2
6503 0
6504 1
6505 0
6506 1
6507 1
6508 2
6509 2
6510 0
6511 3
6512 1
6513 2
6514 2
6515 1
6516 0
6517 3
6518 2
6519 1
6520 2
6521 2
6522 1
6523 0
6524 2
6525 0
6526 1
6527 1
6528 2
6529 1
6530 2
6531 2
6532 2
6533 0
6534 1
6535 0
6536 1
6537 2
6538 2
6539 2
6540 1
6541 2
6542 0
6543 0
6544 2
6545 1
6546 1
6547 0
6548 1
6549 1
6550 2
6551 0
6552 2
6553 0
6554 1
6555 0
6556 2
6557 0
6558 2
6559 1
6560 0
6561 1
6562 0
6563 0
6564 1
6565 3
6566 0
6567 1
6568 0
6569 1
6570 1
6571 0
6572 0
6573 2
6574 3
6575 0
6576 1
6577 2
6578 2
6579 0
6580 1
6581 0
6582 3
6583 1
6584 2
6585 1
6586 2
6587 1
6588 1
6589 1
6590 2
6591 0
6592 0
6593 0
6594 2
6595 1
6596 1
6597 1
6598 1
6599 0
6600 1
6601 2
6602 1
6603 2
6604 2
6605 2
6606 2
6607 1
6608 0
6609 2
6610 1
6611 1
6612 0
6613 1
6614 1
6615 0
6616 1
6617 1
6618 0
6619 2
6620 1
6621 0
6622 2
6623 1
6624 1
6625 2
6626 0
6627 1
6628 0
6629 2
6630 1
6631 0
6632 0
6633 1
6634 0
6635 0
6636 0
6637 0
6638 1
6639 2
6640 2
6641 2
6642 1
6643 2
6644 0
6645 0
6646 0
6647 1
6648 2
6649 1
6650 2
6651 0
6652 1
6653 1
6654 2
6655 2
6656 3
6657 2
6658 3
6659 0
6660 2
6661 0
6662 0
6663 1
6664 2
6665 0
6666 0
6667 1
6668 0
6669 1
6670 0
6671 2
6672 0
6673 2
6674 0
6675 1
6676 1
6677 2
6678 2
6679 1
6680 1
6681 0
6682 2
6683 2
6684 3
6685 1
6686 0
6687 0
6688 0
6689 2
6690 1
6691 1
6692 2
6693 2
6694 1
6695 0
6696 1
6697 1
6698 2
6699 1
6700 0
6701 1
6702 0
6703 2
6704 0
6705 0
6706 0
6707 2
6708 1
6709 0
6710 1
6711 1
6712 2
6713 2
6714 1
6715 1
6716 1
6717 0
6718 2
6719 0
6720 1
6721 1
6722 1
6723 0
6724 1
6725 2
6726 0
6727 2
6728 1
6729 1
6730 2
6731 1
6732 1
6733 0
6734 1
6735 1
6736 1
6737 3
6738 2
6739 0
6740 0
6741 0
6742 1
6743 0
6744 1
6745 1
6746 0
6747 1
6748 1
6749 3
6750 0
6751 0
6752 0
6753 2
6754 0
6755 0
6756 2
6757 0
6758 0
6759 2
6760 2
6761 2
6762 1
6763 1
6764 1
6765 2
6766 1
6767 2
6768 2
6769 2
6770 3
6771 0
6772 2
6773 1
6774 0
6775 2
6776 1
6777 1
6778 2
6779 0
6780 2
6781 2
6782 0
6783 2
6784 2
6785 2
6786 0
6787 0
6788 2
6789 0
6790 1
6791 1
6792 3
6793 1
6794 1
6795 0
6796 1
6797 0
6798 3
6799 3
6800 3
6801 2
6802 1
6803 1
6804 0
6805 1
6806 0
6807 0
6808 3
6809 1
6810 2
6811 0
6812 0
6813 2
6814 1
6815 1
6816 0
6817 0
6818 0
6819 0
6820 3
6821 3
6822 0
6823 1
6824 0
6825 0
6826 0
6827 0
6828 2
6829 1
6830 0
6831 2
6832 0
6833 3
6834 0
6835 0
6836 0
6837 2
6838 0
6839 1
6840 2
6841 3
6842 0
6843 2
6844 2
6845 0
6846 0
6847 2
6848 0
6849 1
6850 2
6851 2
6852 3
6853 1
6854 0
6855 1
6856 1
6857 0
6858 0
6859 2
6860 2
6861 0
6862 2
6863 3
6864 0
6865 1
6866 0
6867 1
6868 0
6869 1
6870 0
6871 1
6872 0
6873 2
6874 0
6875 1
6876 1
6877 1
6878 1
6879 1
6880 2
6881 2
6882 1
6883 0
6884 0
6885 1
6886 0
6887 1
6888 1
6889 0
6890 2
6891 0
6892 2
6893 0
6894 0
6895 1
6896 0
6897 0
6898 1
6899 0
6900 0
6901 0
6902 1
6903 1
6904 3
6905 1
6906 1
6907 1
6908 1
6909 1
6910 3
6911 2
6912 2
6913 2
6914 2
6915 0
6916 0
6917 2
6918 0
6919 1
6920 1
6921 2
6922 2
6923 1
6924 2
6925 1
6926 1
6927 2
6928 1
6929 1
6930 2
6931 1
6932 1
6933 1
6934 0
6935 2
6936 3
6937 0
6938 0
6939 1
6940 1
6941 2
6942 0
6943 2
6944 0
6945 0
6946 1
6947 1
6948 2
6949 3
6950 1
6951 2
6952 0
6953 1
6954 1
6955 2
6956 2
6957 1
6958 1
6959 0
6960 2
6961 0
6962 0
6963 0
6964 1
6965 1
6966 2
6967 1
6968 2
6969 1
6970 1
6971 1
6972 1
6973 0
6974 0
6975 2
6976 2
6977 0
6978 0
6979 3
6980 0
6981 0
6982 2
6983 0
6984 0
6985 1
6986 1
6987 0
6988 2
6989 2
6990 1
6991 0
6992 0
6993 1
6994 0
6995 1
6996 1
6997 1
6998 1
6999 2
7000 0
7001 1
7002 0
7003 2
7004 0
7005 0
7006 1
7007 2
7008 1
7009 1
7010 0
7011 0
7012 2
7013 1
7014 0
7015 0
7016 2
7017 1
7018 2
7019 0
7020 0
7021 0
7022 2
7023 2
7024 0
7025 1
7026 3
7027 2
7028 1
7029 1
7030 2
7031 0
7032 0
7033 1
7034 1
7035 2
7036 0
7037 0
7038 1
7039 1
7040 0
7041 0
7042 2
7043 0
7044 0
7045 1
7046 1
7047 0
7048 1
7049 1
7050 1
7051 0
7052 1
7053 0
7054 2
7055 1
7056 1
7057 2
7058 0
7059 0
7060 0
7061 0
7062 0
7063 1
7064 1
7065 1
7066 1
7067 2
7068 0
7069 1
7070 1
7071 0
7072 3
7073 0
7074 2
7075 1
7076 1
7077 0
7078 0
7079 2
7080 0
7081 0
7082 0
7083 1
7084 0
7085 1
7086 0
7087 0
7088 0
7089 1
7090 2
7091 2
7092 2
7093 0
7094 0
7095 0
7096 0
7097 1
7098 2
7099 2
7100 1
7101 2
7102 0
7103 1
7104 2
7105 3
7106 0
7107 2
7108 1
7109 1
7110 1
7111 2
7112 0
7113 1
7114 1
7115 0
7116 0
7117 0
7118 0
7119 0
7120 0
7121 2
7122 2
7123 2
7124 2
7125 0
7126 0
7127 1
7128 0
7129 0
7130 2
7131 0
7132 2
7133 0
7134 1
7135 0
7136 1
7137 0
7138 1
7139 1
7140 1
7141 1
7142 0
7143 0
7144 0
7145 1
7146 1
7147 2
7148 1
7149 3
7150 0
7151 0
7152 1
7153 2
7154 1
7155 2
7156 0
7157 2
7158 2
7159 1
7160 0
7161 2
7162 1
7163 1
7164 1
7165 1
7166 0
7167 0
7168 1
7169 0
7170 3
7171 2
7172 0
7173 1
7174 2
7175 0
7176 1
7177 0
7178 1
7179 0
7180 1
7181 0
7182 3
7183 0
7184 0
7185 1
7186 1
7187 2
7188 1
7189 2
7190 1
7191 0
7192 2
7193 1
7194 2
7195 0
7196 0
7197 1
7198 0
7199 1
7200 1
7201 2
7202 0
7203 0
7204 1
7205 1
7206 1
7207 1
7208 0
7209 1
7210 1
7211 2
7212 1
7213 0
7214 1
7215 1
7216 0
7217 3
7218 1
7219 0
7220 0
7221 0
7222 2
7223 0
7224 1
7225 1
7226 1
7227 0
7228 0
7229 0
7230 2
7231 1
7232 1
7233 2
7234 1
7235 1
7236 0
7237 0
7238 0
7239 0
7240 1
7241 0
7242 1
7243 0
7244 1
7245 1
7246 1
7247 0
7248 1
7249 0
7250 3
7251 1
7252 0
7253 0
7254 1
7255 2
7256 1
7257 1
7258 0
7259 2
7260 1
7261 0
7262 0
7263 1
7264 0
7265 1
7266 1
7267 2
7268 2
7269 2
7270 0
7271 1
7272 1
7273 2
7274 1
7275 1
7276 1
7277 1
7278 1
7279 1
7280 2
7281 1
7282 0
7283 1
7284 2
7285 1
7286 1
7287 2
7288 0
7289 2
7290 1
7291 0
7292 2
7293 2
7294 0
7295 1
7296 2
7297 3
7298 1
7299 2
7300 0
7301 1
7302 0
7303 3
7304 0
7305 2
7306 1
7307 1
7308 1
7309 2
7310 2
7311 0
7312 2
7313 2
7314 1
7315 1
7316 0
7317 0
7318 1
7319 0
7320 3
7321 1
7322 0
7323 0
7324 0
7325 2
7326 1
7327 3
7328 2
7329 0
7330 0
7331 1
7332 0
7333 2
7334 1
7335 0
7336 2
7337 0
7338 1
7339 1
7340 0
7341 1
7342 0
7343 2
7344 0
7345 2
7346 3
7347 0
7348 0
7349 1
7350 0
7351 1
7352 0
7353 3
7354 1
7355 2
7356 2
7357 0
7358 1
7359 1
7360 0
7361 1
7362 3
7363 3
7364 0
7365 1
7366 2
7367 2
7368 0
7369 0
7370 0
7371 1
7372 1
7373 3
7374 2
7375 2
7376 2
7377 1
7378 1
7379 1
7380 2
7381 1
7382 1
7383 1
7384 0
7385 1
7386 2
7387 2
7388 0
7389 0
7390 3
7391 3
7392 0
7393 0
7394 2
7395 3
7396 1
7397 0
7398 2
7399 2
7400 0
7401 0
7402 0
7403 2
7404 1
7405 0
7406 2
7407 0
7408 2
7409 1
7410 2
7411 0
7412 1
7413 0
7414 3
7415 2
7416 1
7417 2
7418 1
7419 2
7420 0
7421 2
7422 0
7423 0
7424 1
7425 2
7426 0
7427 2
7428 2
7429 0
7430 2
7431 0
7432 2
7433 0
7434 0
7435 1
7436 2
7437 2
7438 0
7439 1
7440 1
7441 2
7442 2
7443 2
7444 3
7445 0
7446 1
7447 2
7448 0
7449 3
7450 0
7451 2
7452 0
7453 0
7454 0
7455 0
7456 0
7457 1
7458 0
7459 2
7460 0
7461 0
7462 0
7463 0
7464 0
7465 2
7466 0
7467 2
7468 1
7469 0
7470 1
7471 0
7472 0
7473 1
7474 1
7475 1
7476 1
7477 0
7478 0
7479 3
7480 2
7481 2
7482 2
7483 1
7484 2
7485 2
7486 0
7487 0
7488 2
7489 1
7490 2
7491 1
7492 2
7493 3
7494 0
7495 0
7496 1
7497 0
7498 1
7499 0
7500 0
7501 2
7502 1
7503 1
7504 3
7505 2
7506 0
7507 2
7508 2
7509 1
7510 0
7511 3
7512 2
7513 0
7514 0
7515 1
7516 1
7517 2
7518 0
7519 2
7520 0
7521 2
7522 2
7523 2
7524 2
7525 2
7526 0
7527 1
7528 2
7529 2
7530 0
7531 0
7532 2
7533 0
7534 1
7535 2
7536 2
7537 2
7538 1
7539 0
7540 1
7541 1
7542 1
7543 2
7544 0
7545 2
7546 3
7547 0
7548 1
7549 3
7550 1
7551 1
7552 3
7553 0
7554 1
7555 0
7556 2
7557 1
7558 2
7559 2
7560 1
7561 2
7562 2
7563 2
7564 0
7565 2
7566 1
7567 1
7568 0
7569 1
7570 1
7571 0
7572 2
7573 2
7574 1
7575 2
7576 0
7577 2
7578 0
7579 0
7580 2
7581 0
7582 1
7583 0
7584 0
7585 1
7586 0
7587 0
7588 1
7589 1
7590 0
7591 1
7592 1
7593 1
7594 0
7595 1
7596 2
7597 0
7598 1
7599 0
7600 2
7601 0
7602 0
7603 0
7604 1
7605 0
7606 0
7607 0
7608 0
7609 1
7610 2
7611 0
7612 0
7613 1
7614 2
7615 0
7616 2
7617 1
7618 2
7619 3
7620 0
7621 3
7622 1
7623 1
7624 0
7625 1
7626 0
7627 2
7628 2
7629 2
7630 0
7631 0
7632 2
7633 1
7634 2
7635 1
7636 1
7637 2
7638 0
7639 3
7640 0
7641 0
7642 0
7643 2
7644 0
7645 1
7646 2
7647 2
7648 0
7649 2
7650 0
7651 0
7652 2
7653 1
7654 1
7655 0
7656 1
7657 2
7658 2
7659 1
7660 2
7661 2
7662 0
7663 1
7664 0
7665 2
7666 2
7667 1
7668 1
7669 2
7670 3
7671 2
7672 1
7673 0
7674 0
7675 0
7676 2
7677 1
7678 1
7679 1
7680 0
7681 1
7682 2
7683 3
7684 0
7685 1
7686 2
7687 1
7688 2
7689 2
7690 3
7691 1
7692 3
7693 1
7694 0
7695 0
7696 2
7697 2
7698 1
7699 1
7700 1
7701 2
7702 2
7703 1
7704 2
7705 0
7706 3
7707 1
7708 0
7709 1
7710 0
7711 1
7712 2
7713 2
7714 0
7715 1
7716 1
7717 0
7718 0
7719 3
7720 0
7721 1
7722 0
7723 3
7724 2
7725 0
7726 2
7727 0
7728 2
7729 1
7730 0
7731 1
7732 0
7733 1
7734 1
7735 0
7736 1
7737 1
7738 0
7739 2
7740 3
7741 1
7742 0
7743 2
7744 2
7745 1
7746 0
7747 0
7748 1
7749 2
7750 1
7751 1
7752 2
7753 2
7754 0
7755 2
7756 3
7757 1
7758 2
7759 0
7760 1
7761 0
7762 1
7763 3
7764 1
7765 0
7766 2
7767 2
7768 0
7769 1
7770 1
7771 1
7772 0
7773 2
7774 0
7775 0
7776 2
7777 2
7778 1
7779 2
7780 1
7781 0
7782 0
7783 0
7784 2
7785 2
7786 1
7787 1
7788 1
7789 0
7790 1
7791 0
7792 2
7793 0
7794 0
7795 0
7796 1
7797 2
7798 1
7799 0
7800 1
7801 1
7802 1
7803 0
7804 0
7805 2
7806 2
7807 0
7808 2
7809 0
7810 0
7811 2
7812 1
7813 0
7814 1
7815 2
7816 1
7817 3
7818 2
7819 1
7820 2
7821 2
7822 2
7823 1
7824 1
7825 0
7826 3
7827 1
7828 0
7829 0
7830 2
7831 0
7832 1
7833 1
7834 2
7835 2
7836 2
7837 0
7838 0
7839 0
7840 2
7841 1
7842 1
7843 1
7844 1
7845 0
7846 0
7847 0
7848 0
7849 2
7850 2
7851 0
7852 3
7853 2
7854 1
7855 1
7856 1
7857 3
7858 2
7859 2
7860 0
7861 0
7862 1
7863 2
7864 1
7865 1
7866 2
7867 0
7868 2
7869 0
7870 0
7871 0
7872 1
7873 0
7874 0
7875 0
7876 1
7877 1
7878 0
7879 1
7880 1
7881 0
7882 1
7883 1
7884 0
7885 2
7886 1
7887 2
7888 0
7889 2
7890 0
7891 0
7892 0
7893 0
7894 2
7895 2
7896 1
7897 1
7898 0
7899 1
7900 0
7901 1
7902 0
7903 1
7904 2
7905 0
7906 2
7907 1
7908 1
7909 0
7910 2
7911 0
7912 2
7913 0
7914 2
7915 2
7916 2
7917 2
7918 0
7919 0
7920 2
7921 2
7922 2
7923 0
7924 3
7925 2
7926 1
7927 1
7928 1
7929 1
7930 0
7931 1
7932 0
7933 0
7934 1
7935 1
7936 2
7937 0
7938 1
7939 2
7940 2
7941 1
7942 0
7943 1
7944 1
7945 0
7946 2
7947 2
7948 0
7949 1
7950 1
7951 1
7952 0
7953 2
7954 0
7955 0
7956 2
7957 3
7958 0
7959 0
7960 0
7961 0
7962 3
7963 2
7964 0
7965 2
7966 2
7967 3
7968 0
7969 3
7970 0
7971 2
7972 1
7973 1
7974 2
7975 1
7976 2
7977 1
7978 1
7979 1
7980 0
7981 3
7982 0
7983 1
7984 0
7985 0
7986 0
7987 2
7988 2
7989 1
7990 2
7991 0
7992 1
7993 2
7994 1
7995 2
7996 0
7997 2
7998 1
7999 2
8000 2
8001 1
8002 1
8003 2
8004 2
8005 1
8006 1
8007 3
8008 2
8009 0
8010 0
8011 2
8012 1
8013 2
8014 0
8015 2
8016 1
8017 2
8018 0
8019 0
8020 0
8021 2
8022 1
8023 1
8024 1
8025 0
8026 0
8027 2
8028 1
8029 2
8030 2
8031 2
8032 0
8033 2
8034 1
8035 0
8036 1
8037 2
8038 0
8039 2
8040 1
8041 0
8042 1
8043 1
8044 0
8045 0
8046 1
8047 0
8048 1
8049 1
8050 3
8051 2
8052 1
8053 2
8054 1
8055 2
8056 0
8057 1
8058 0
8059 0
8060 2
8061 1
8062 2
8063 1
8064 1
8065 0
8066 0
8067 0
8068 0
8069 0
8070 0
8071 0
8072 2
8073 2
8074 1
8075 0
8076 1
8077 2
8078 1
8079 1
8080 2
8081 0
8082 0
8083 2
8084 1
8085 0
8086 1
8087 2
8088 2
8089 0
8090 3
8091 3
8092 0
8093 1
8094 0
8095 2
8096 1
8097 1
8098 2
8099 3
8100 0
8101 1
8102 2
8103 2
8104 0
8105 3
8106 2
8107 1
8108 0
8109 1
8110 0
8111 2
8112 2
8113 2
8114 0
8115 0
8116 1
8117 1
8118 2
8119 1
8120 2
8121 1
8122 1
8123 1
8124 1
8125 1
8126 1
8127 0
8128 1
8129 1
8130 0
8131 1
8132 1
8133 1
8134 1
8135 0
8136 0
8137 0
8138 0
8139 0
8140 0
8141 1
8142 1
8143 0
8144 3
8145 0
8146 2
8147 1
8148 3
8149 0
8150 0
8151 1
8152 2
8153 2
8154 3
8155 0
8156 1
8157 2
8158 0
8159 2
8160 0
8161 1
8162 1
8163 0
8164 2
8165 1
8166 1
8167 2
8168 2
8169 1
8170 1
8171 0
8172 2
8173 2
8174 0
8175 1
8176 1
8177 2
8178 2
8179 0
8180 0
8181 0
8182 1
8183 2
8184 0
8185 1
8186 0
8187 0
8188 1
8189 0
8190 1
8191 2
8192 1
8193 0
8194 2
8195 0
8196 1
8197 1
8198 1
8199 0
8200 1
8201 1
8202 2
8203 0
8204 1
8205 1
8206 2
8207 2
8208 1
8209 0
8210 0
8211 0
8212 0
8213 1
8214 0
8215 2
8216 1
8217 1
8218 0
8219 0
8220 1
8221 1
8222 0
8223 1
8224 0
8225 1
8226 0
8227 2
8228 1
8229 0
8230 1
8231 0
8232 2
8233 1
8234 0
8235 0
8236 0
8237 0
8238 0
8239 1
8240 0
8241 1
8242 0
8243 2
8244 0
8245 0
8246 0
8247 0
8248 1
8249 1
8250 2
8251 1
8252 0
8253 2
8254 1
8255 2
8256 0
8257 2
8258 2
8259 2
8260 1
8261 0
8262 1
8263 0
8264 1
8265 2
8266 1
8267 1
8268 2
8269 2
8270 0
8271 1
8272 0
8273 0
8274 0
8275 1
8276 1
8277 1
8278 1
8279 0
8280 0
8281 3
8282 3
8283 1
8284 0
8285 0
8286 2
8287 1
8288 1
8289 2
8290 0
8291 0
8292 1
8293 1
8294 0
8295 0
8296 1
8297 0
8298 2
8299 0
8300 1
8301 1
8302 2
8303 2
8304 0
8305 1
8306 1
8307 2
8308 1
8309 1
8310 1
8311 2
8312 2
8313 1
8314 0
8315 1
8316 3
8317 1
8318 0
8319 0
8320 1
8321 2
8322 2
8323 0
8324 0
8325 2
8326 1
8327 3
8328 1
8329 1
8330 0
8331 2
8332 1
8333 2
8334 0
8335 0
8336 1
8337 1
8338 1
8339 1
8340 2
8341 1
8342 0
8343 0
8344 2
8345 1
8346 2
8347 1
8348 1
8349 2
8350 1
8351 1
8352 0
8353 1
8354 0
8355 1
8356 0
8357 1
8358 2
8359 2
8360 2
8361 1
8362 1
8363 1
8364 1
8365 3
8366 0
8367 0
8368 0
8369 0
8370 1
8371 0
8372 2
8373 0
8374 2
8375 2
8376 0
8377 1
8378 2
8379 1
8380 1
8381 2
8382 1
8383 0
8384 0
8385 2
8386 1
8387 2
8388 0
8389 2
8390 1
8391 0
8392 1
8393 1
8394 2
8395 2
8396 1
8397 1
8398 2
8399 1
8400 2
8401 1
8402 0
8403 2
8404 0
8405 2
8406 3
8407 2
8408 1
8409 2
8410 0
8411 2
8412 2
8413 1
8414 2
8415 0
8416 0
8417 0
8418 0
8419 2
8420 0
8421 0
8422 1
8423 0
8424 2
8425 3
8426 1
8427 0
8428 1
8429 1
8430 2
8431 0
8432 0
8433 0
8434 1
8435 2
8436 0
8437 1
8438 2
8439 2
8440 0
8441 1
8442 1
8443 1
8444 2
8445 1
8446 2
8447 1
8448 1
8449 2
8450 0
8451 1
8452 3
8453 2
8454 1
8455 2
8456 0
8457 1
8458 0
8459 3
8460 0
8461 1
8462 1
8463 2
8464 2
8465 0
8466 1
8467 1
8468 0
8469 0
8470 3
8471 1
8472 0
8473 2
8474 0
8475 2
8476 0
8477 0
8478 1
8479 0
8480 0
8481 0
8482 1
8483 3
8484 2
8485 1
8486 1
8487 0
8488 0
8489 0
8490 2
8491 0
8492 0
8493 2
8494 0
8495 2
8496 1
8497 2
8498 1
8499 2
8500 2
8501 2
8502 1
8503 0
8504 2
8505 2
8506 2
8507 2
8508 2
8509 1
8510 1
8511 0
8512 1
8513 2
8514 0
8515 1
8516 2
8517 1
8518 2
8519 2
8520 2
8521 1
8522 0
8523 1
8524 1
8525 0
8526 0
8527 1
8528 0
8529 1
8530 0
8531 2
8532 0
8533 1
8534 3
8535 3
8536 2
8537 2
8538 1
8539 3
8540 0
8541 2
8542 2
8543 0
8544 1
8545 2
8546 3
8547 1
8548 0
8549 2
8550 2
8551 3
8552 0
8553 3
8554 0
8555 0
8556 1
8557 1
8558 0
8559 2
8560 1
8561 0
8562 1
8563 2
8564 1
8565 2
8566 0
8567 1
8568 2
8569 1
8570 0
8571 0
8572 0
8573 1
8574 0
8575 1
8576 2
8577 2
8578 0
8579 1
8580 2
8581 0
8582 0
8583 0
8584 3
8585 2
8586 0
8587 0
8588 3
8589 2
8590 1
8591 0
8592 0
8593 0
8594 2
8595 2
8596 1
8597 0
8598 2
8599 1
8600 2
8601 1
8602 1
8603 2
8604 2
8605 1
8606 2
8607 0
8608 2
8609 2
8610 1
8611 1
8612 1
8613 0
8614 2
8615 2
8616 1
8617 2
8618 0
8619 0
8620 1
8621 3
8622 0
8623 3
8624 1
8625 3
8626 1
8627 1
8628 2
8629 1
8630 0
8631 1
8632 1
8633 0
8634 0
8635 1
8636 1
8637 1
8638 2
8639 0
8640 0
8641 0
8642 0
8643 2
8644 2
8645 0
8646 2
8647 0
8648 1
8649 1
8650 1
8651 1
8652 1
8653 1
8654 2
8655 0
8656 1
8657 2
8658 1
8659 1
8660 2
8661 1
8662 0
8663 1
8664 2
8665 1
8666 3
8667 0
8668 1
8669 1
8670 1
8671 1
8672 1
8673 1
8674 0
8675 1
8676 2
8677 2
8678 3
8679 1
8680 1
8681 0
8682 0
8683 1
8684 1
8685 3
8686 1
8687 2
8688 2
8689 0
8690 1
8691 2
8692 2
8693 0
8694 0
8695 0
8696 0
8697 1
8698 1
8699 1
8700 0
8701 2
8702 1
8703 2
8704 0
8705 1
8706 2
8707 1
8708 2
8709 1
8710 0
8711 1
8712 3
8713 0
8714 0
8715 0
8716 1
8717 0
8718 3
8719 1
8720 1
8721 2
8722 2
8723 2
8724 2
8725 0
8726 1
8727 2
8728 2
8729 0
8730 0
8731 1
8732 0
8733 1
8734 1
8735 3
8736 0
8737 0
8738 0
8739 0
8740 1
8741 3
8742 2
8743 1
8744 0
8745 1
8746 2
8747 2
8748 1
8749 0
8750 1
8751 1
8752 3
8753 0
8754 1
8755 1
8756 0
8757 2
8758 1
8759 1
8760 1
8761 2
8762 2
8763 0
8764 2
8765 1
8766 1
8767 0
8768 0
8769 0
8770 0
8771 2
8772 0
8773 3
8774 0
8775 1
8776 0
8777 0
8778 2
8779 1
8780 0
8781 0
8782 0
8783 0
8784 2
8785 0
8786 0
8787 0
8788 1
8789 3
8790 0
8791 1
8792 2
8793 1
8794 3
8795 2
8796 3
8797 2
8798 2
8799 0
8800 0
8801 0
8802 1
8803 1
8804 2
8805 0
8806 1
8807 1
8808 1
8809 1
8810 1
8811 0
8812 0
8813 2
8814 1
8815 0
8816 1
8817 3
8818 3
8819 3
8820 1
8821 3
8822 1
8823 0
8824 1
8825 2
8826 2
8827 1
8828 1
8829 1
8830 0
8831 2
8832 2
8833 2
8834 0
8835 0
8836 0
8837 0
8838 1
8839 1
8840 1
8841 0
8842 2
8843 2
8844 0
8845 0
8846 2
8847 3
8848 1
8849 2
8850 2
8851 1
8852 2
8853 2
8854 2
8855 2
8856 2
8857 1
8858 1
8859 0
8860 1
8861 1
8862 2
8863 2
8864 1
8865 1
8866 1
8867 1
8868 1
8869 0
8870 2
8871 3
8872 1
8873 0
8874 1
8875 0
8876 3
8877 0
8878 2
8879 1
8880 1
8881 2
8882 1
8883 1
8884 1
8885 0
8886 0
8887 2
8888 0
8889 1
8890 0
8891 2
8892 1
8893 2
8894 3
8895 0
8896 3
8897 0
8898 0
8899 0
8900 1
8901 0
8902 1
8903 1
8904 0
8905 2
8906 3
8907 0
8908 0
8909 3
8910 1
8911 3
8912 1
8913 2
8914 0
8915 0
8916 0
8917 1
8918 0
8919 0
8920 1
8921 0
8922 2
8923 0
8924 1
8925 1
8926 0
8927 1
8928 1
8929 2
8930 2
8931 2
8932 1
8933 1
8934 1
8935 2
8936 0
8937 2
8938 1
8939 1
8940 2
8941 0
8942 2
8943 1
8944 3
8945 0
8946 0
8947 0
8948 1
8949 1
8950 0
8951 2
8952 3
8953 2
8954 2
8955 2
8956 1
8957 0
8958 2
8959 2
8960 1
8961 0
8962 0
8963 1
8964 0
8965 2
8966 2
8967 2
8968 1
8969 0
8970 2
8971 2
8972 2
8973 1
8974 3
8975 1
8976 1
8977 0
8978 2
8979 0
8980 1
8981 0
8982 0
8983 0
8984 0
8985 2
8986 0
8987 1
8988 0
8989 0
8990 1
8991 2
8992 1
8993 2
8994 1
8995 0
8996 2
8997 2
8998 1
8999 1
9000 2
9001 2
9002 1
9003 0
9004 1
9005 0
9006 1
9007 0
9008 1
9009 1
9010 2
9011 0
9012 2
9013 1
9014 2
9015 2
9016 0
9017 0
9018 2
9019 1
9020 0
9021 2
9022 2
9023 0
9024 1
9025 2
9026 0
9027 2
9028 1
9029 0
9030 1
9031 3
9032 0
9033 2
9034 1
9035 3
9036 1
9037 3
9038 0
9039 0
9040 2
9041 1
9042 0
9043 0
9044 0
9045 1
9046 3
9047 1
9048 0
9049 2
9050 0
9051 1
9052 0
9053 1
9054 0
9055 2
9056 1
9057 2
9058 0
9059 1
9060 1
9061 0
9062 2
9063 1
9064 1
9065 0
9066 2
9067 2
9068 1
9069 1
9070 0
9071 1
9072 2
9073 0
9074 0
9075 0
9076 1
9077 4
9078 2
9079 0
9080 0
9081 0
9082 2
9083 2
9084 2
9085 0
9086 0
9087 0
9088 2
9089 0
9090 2
9091 1
9092 0
9093 0
9094 2
9095 2
9096 2
9097 0
9098 0
9099 1
9100 2
9101 2
9102 0
9103 0
9104 2
9105 1
9106 1
9107 0
9108 0
9109 0
9110 1
9111 2
9112 0
9113 0
9114 3
9115 1
9116 3
9117 3
9118 0
9119 1
9120 1
9121 2
9122 0
9123 2
9124 1
9125 1
9126 0
9127 1
9128 1
9129 2
9130 0
9131 0
9132 1
9133 2
9134 1
9135 1
9136 0
9137 1
9138 1
9139 2
9140 2
9141 1
9142 2
9143 1
9144 0
9145 1
9146 2
9147 2
9148 1
9149 2
9150 2
9151 0
9152 2
9153 0
9154 1
9155 2
9156 1
9157 0
9158 3
9159 1
9160 0
9161 1
9162 1
9163 0
9164 2
9165 1
9166 1
9167 0
9168 1
9169 1
9170 0
9171 1
9172 2
9173 1
9174 1
9175 1
9176 1
9177 1
9178 1
9179 2
9180 3
9181 1
9182 2
9183 0
9184 3
9185 1
9186 2
9187 0
9188 1
9189 1
9190 2
9191 0
9192 1
9193 3
9194 1
9195 1
9196 0
9197 0
9198 1
9199 0
9200 2
9201 0
9202 2
9203 2
9204 3
9205 2
9206 2
9207 1
9208 0
9209 2
9210 1
9211 0
9212 3
9213 1
9214 0
9215 2
9216 1
9217 2
9218 1
9219 1
9220 2
9221 3
9222 0
9223 1
9224 1
9225 0
9226 2
9227 0
9228 3
9229 1
9230 1
9231 0
9232 3
9233 1
9234 1
9235 2
9236 1
9237 1
9238 1
9239 1
9240 1
9241 0
9242 0
9243 2
9244 2
9245 0
9246 2
9247 1
9248 2
9249 1
9250 2
9251 0
9252 2
9253 0
9254 1
9255 3
9256 1
9257 1
9258 0
9259 1
9260 1
9261 1
9262 2
9263 1
9264 0
9265 1
9266 0
9267 0
9268 1
9269 3
9270 1
9271 0
9272 0
9273 1
9274 0
9275 2
9276 1
9277 0
9278 0
9279 2
9280 2
9281 1
9282 0
9283 0
9284 2
9285 2
9286 3
9287 2
9288 0
9289 2
9290 0
9291 0
9292 2
9293 0
9294 3
9295 1
9296 2
9297 1
9298 2
9299 2
9300 1
9301 2
9302 3
9303 3
9304 0
9305 1
9306 3
9307 2
9308 2
9309 0
9310 1
9311 1
9312 0
9313 1
9314 1
9315 0
9316 0
9317 2
9318 1
9319 1
9320 1
9321 2
9322 0
9323 1
9324 1
9325 1
9326 1
9327 3
9328 0
9329 1
9330 2
9331 1
9332 3
9333 0
9334 0
9335 2
9336 0
9337 0
9338 2
9339 1
9340 2
9341 0
9342 1
9343 1
9344 1
9345 1
9346 0
9347 1
9348 0
9349 2
9350 1
9351 2
9352 2
9353 1
9354 0
9355 1
9356 0
9357 1
9358 2
9359 1
9360 2
9361 2
9362 2
9363 2
9364 2
9365 2
9366 1
9367 2
9368 2
9369 3
9370 1
9371 2
9372 0
9373 2
9374 0
9375 2
9376 0
9377 1
9378 0
9379 1
9380 0
9381 0
9382 1
9383 1
9384 2
9385 1
9386 1
9387 1
9388 0
9389 1
9390 2
9391 2
9392 2
9393 0
9394 2
9395 2
9396 0
9397 2
9398 0
9399 1
9400 1
9401 1
9402 2
9403 2
9404 1
9405 1
9406 2
9407 2
9408 0
9409 0
9410 1
9411 0
9412 1
9413 0
9414 0
9415 0
9416 1
9417 3
9418 2
9419 0
9420 0
9421 2
9422 0
9423 0
9424 2
9425 3
9426 0
9427 1
9428 0
9429 0
9430 1
9431 0
9432 2
9433 1
9434 1
9435 2
9436 1
9437 2
9438 0
9439 1
9440 0
9441 0
9442 1
9443 1
9444 1
9445 0
9446 1
9447 0
9448 1
9449 2
9450 0
9451 1
9452 1
9453 2
9454 1
9455 0
9456 1
9457 0
9458 1
9459 0
9460 0
9461 1
9462 1
9463 1
9464 1
9465 1
9466 0
9467 0
9468 1
9469 1
9470 2
9471 3
9472 2
9473 2
9474 0
9475 0
9476 0
9477 2
9478 1
9479 1
9480 2
9481 0
9482 0
9483 0
9484 2
9485 0
9486 0
9487 0
9488 2
9489 0
9490 2
9491 2
9492 1
9493 1
9494 1
9495 1
9496 3
9497 0
9498 0
9499 1
9500 2
9501 0
9502 1
9503 1
9504 2
9505 0
9506 0
9507 1
9508 3
9509 2
9510 1
9511 0
9512 1
9513 2
9514 1
9515 1
9516 1
9517 0
9518 1
9519 1
9520 0
9521 2
9522 1
9523 1
9524 1
9525 1
9526 2
9527 0
9528 0
9529 1
9530 1
9531 0
9532 1
9533 0
9534 0
9535 2
9536 0
9537 0
9538 0
9539 1
9540 1
9541 0
9542 0
9543 1
9544 2
9545 2
9546 0
9547 1
9548 2
9549 0
9550 0
9551 0
9552 1
9553 1
9554 0
9555 0
9556 1
9557 1
9558 1
9559 0
9560 1
9561 0
9562 0
9563 2
9564 1
9565 3
9566 0
9567 1
9568 1
9569 0
9570 2
9571 1
9572 1
9573 0
9574 2
9575 0
9576 0
9577 1
9578 2
9579 3
9580 1
9581 1
9582 2
9583 0
9584 0
9585 2
9586 1
9587 0
9588 1
9589 1
9590 0
9591 0
9592 1
9593 1
9594 0
9595 1
9596 3
9597 0
9598 1
9599 1
9600 3
9601 2
9602 1
9603 0
9604 0
9605 2
9606 0
9607 2
9608 1
9609 0
9610 0
9611 2
9612 0
9613 2
9614 0
9615 0
9616 0
9617 2
9618 2
9619 0
9620 2
9621 0
9622 0
9623 0
9624 0
9625 2
9626 1
9627 1
9628 0
9629 0
9630 3
9631 0
9632 0
9633 0
9634 2
9635 0
9636 2
9637 0
9638 0
9639 3
9640 1
9641 2
9642 2
9643 2
9644 1
9645 2
9646 3
9647 0
9648 1
9649 0
9650 0
9651 0
9652 2
9653 2
9654 0
9655 2
9656 2
9657 0
9658 1
9659 3
9660 0
9661 2
9662 1
9663 1
9664 0
9665 0
9666 0
9667 1
9668 2
9669 2
9670 3
9671 2
9672 0
9673 1
9674 0
9675 1
9676 1
9677 2
9678 3
9679 1
9680 1
9681 3
9682 3
9683 0
9684 1
9685 2
9686 3
9687 1
9688 1
9689 2
9690 2
9691 0
9692 0
9693 0
9694 1
9695 2
9696 1
9697 3
9698 2
9699 1
9700 1
9701 2
9702 1
9703 2
9704 0
9705 3
9706 1
9707 0
9708 0
9709 1
9710 1
9711 2
9712 1
9713 1
9714 1
9715 2
9716 2
9717 2
9718 0
9719 1
9720 1
9721 0
9722 0
9723 0
9724 1
9725 0
9726 2
9727 3
9728 1
9729 0
9730 0
9731 2
9732 2
9733 0
9734 0
9735 1
9736 1
9737 0
9738 1
9739 2
9740 0
9741 0
9742 0
9743 2
9744 2
9745 2
9746 1
9747 2
9748 1
9749 2
9750 1
9751 0
9752 2
9753 0
9754 0
9755 3
9756 3
9757 2
9758 0
9759 2
9760 2
9761 1
9762 1
9763 0
9764 2
9765 1
9766 1
9767 1
9768 1
9769 1
9770 2
9771 0
9772 0
9773 3
9774 1
9775 2
9776 2
9777 0
9778 0
9779 1
9780 2
9781 0
9782 0
9783 2
9784 0
9785 1
9786 2
9787 2
9788 0
9789 0
9790 2
9791 1
9792 0
9793 0
9794 0
9795 2
9796 2
9797 3
9798 2
9799 2
9800 0
9801 2
9802 0
9803 1
9804 2
9805 0
9806 1
9807 1
9808 0
9809 0
9810 0
9811 1
9812 1
9813 1
9814 0
9815 2
9816 2
9817 0
9818 0
9819 0
9820 1
9821 1
9822 2
9823 2
9824 1
9825 0
9826 2
9827 1
9828 1
9829 0
9830 1
9831 2
9832 2
9833 2
9834 1
9835 0
9836 1
9837 0
9838 2
9839 0
9840 3
9841 1
9842 2
9843 2
9844 0
9845 0
9846 1
9847 1
9848 1
9849 0
9850 1
9851 1
9852 2
9853 0
9854 0
9855 1
9856 0
9857 1
9858 0
9859 0
9860 2
9861 0
9862 1
9863 1
9864 0
9865 1
9866 0
9867 0
9868 1
9869 0
9870 0
9871 2
9872 1
9873 0
9874 1
9875 3
9876 2
9877 0
9878 1
9879 2
9880 1
9881 2
9882 1
9883 0
9884 0
9885 1
9886 2
9887 2
9888 1
9889 2
9890 1
9891 2
9892 1
9893 1
9894 2
9895 1
9896 1
9897 1
9898 0
9899 0
9900 0
9901 1
9902 1
9903 2
9904 1
9905 2
9906 2
9907 0
9908 1
9909 1
9910 0
9911 0
9912 0
9913 3
9914 0
9915 2
9916 2
9917 1
9918 1
9919 3
9920 1
9921 2
9922 1
9923 0
9924 2
9925 0
9926 0
9927 1
9928 1
9929 3
9930 1
9931 2
9932 1
9933 1
9934 2
9935 1
9936 1
9937 3
9938 2
9939 2
9940 1
9941 0
9942 2
9943 2
9944 0
9945 0
9946 0
9947 2
9948 1
9949 0
9950 2
9951 2
9952 2
9953 1
9954 2
9955 2
9956 2
9957 0
9958 0
9959 1
9960 0
9961 2
9962 2
9963 1
9964 1
9965 0
9966 0
9967 1
9968 0
9969 0
9970 1
9971 0
9972 2
9973 1
9974 1
9975 1
9976 0
9977 1
9978 0
9979 1
9980 1
9981 2
9982 1
9983 0
9984 1
9985 0
9986 0
9987 1
9988 0
9989 0
9990 0
9991 1
9992 0
9993 2
9994 0
9995 1
9996 2
9997 1
9998 2
9999 0
Colors used: 5
Valid coloring: true
Execution time: 0.485209 ms
