Algorithm: Bellman-Ford
Source: 0
Vertex Distance
0 0
1 12
2 27
3 32
4 27
5 35
6 23
7 36
8 29
9 36
10 47
11 30
12 29
13 42
14 25
15 56
16 10
17 47
18 40
19 26
20 40
21 30
22 28
23 46
24 25
25 50
26 26
27 20
28 21
29 21
30 22
31 32
32 36
33 15
34 26
35 9
36 50
37 39
38 35
39 36
40 35
41 54
42 26
43 45
44 31
45 50
46 56
47 24
48 18
49 59
50 31
51 33
52 27
53 27
54 49
55 59
56 44
57 27
58 37
59 31
60 39
61 32
62 42
63 33
64 62
65 42
66 70
67 32
68 55
69 36
70 24
71 62
72 48
73 30
74 21
75 68
76 21
77 53
78 65
79 40
80 77
81 19
82 54
83 30
84 68
85 61
86 52
87 25
88 67
89 30
90 47
91 32
92 38
93 61
94 46
95 36
96 28
97 41
98 46
99 39
100 47
101 50
102 58
103 56
104 51
105 20
106 21
107 23
108 83
109 45
110 65
111 47
112 32
113 9
114 34
115 46
116 45
117 36
118 57
119 39
120 30
121 30
122 31
123 45
124 36
125 42
126 33
127 49
128 58
129 51
130 77
131 60
132 27
133 36
134 55
135 24
136 50
137 64
138 17
139 45
140 57
141 65
142 26
143 27
144 22
145 50
146 61
147 63
148 28
149 24
150 41
151 45
152 71
153 50
154 5
155 36
156 59
157 93
158 46
159 17
160 31
161 11
162 48
163 48
164 23
165 63
166 16
167 30
168 71
169 27
170 55
171 58
172 49
173 35
174 69
175 23
176 38
177 52
178 40
179 21
180 56
181 44
182 27
183 92
184 22
185 25
186 37
187 32
188 59
189 36
190 43
191 77
192 17
193 44
194 33
195 49
196 40
197 70
198 36
199 67
200 30
201 31
202 44
203 33
204 32
205 33
206 46
207 61
208 60
209 36
210 36
211 20
212 39
213 66
214 18
215 76
216 47
217 26
218 23
219 21
220 54
221 23
222 27
223 45
224 69
225 65
226 33
227 34
228 33
229 15
230 9
231 42
232 42
233 23
234 31
235 76
236 79
237 30
238 64
239 43
240 27
241 58
242 69
243 66
244 18
245 54
246 32
247 44
248 28
249 42
250 34
251 35
252 73
253 23
254 72
255 37
256 74
257 40
258 23
259 76
260 35
261 56
262 73
263 28
264 65
265 38
266 29
267 35
268 60
269 33
270 40
271 41
272 49
273 46
274 31
275 65
276 39
277 62
278 30
279 37
280 53
281 87
282 62
283 39
284 29
285 16
286 23
287 35
288 13
289 28
290 63
291 79
292 29
293 64
294 45
295 61
296 33
297 45
298 25
299 49
300 61
301 54
302 78
303 45
304 37
305 33
306 25
307 76
308 39
309 78
310 47
311 56
312 66
313 33
314 29
315 44
316 41
317 47
318 27
319 55
320 59
321 55
322 34
323 43
324 53
325 44
326 66
327 21
328 20
329 29
330 51
331 84
332 30
333 42
334 35
335 64
336 69
337 79
338 34
339 56
340 38
341 42
342 47
343 39
344 76
345 61
346 27
347 48
348 46
349 80
350 53
351 72
352 32
353 52
354 65
355 105
356 85
357 41
358 51
359 42
360 36
361 53
362 47
363 65
364 41
365 41
366 28
367 45
368 48
369 51
370 76
371 103
372 39
373 15
374 70
375 51
376 25
377 74
378 36
379 57
380 33
381 49
382 46
383 31
384 34
385 44
386 79
387 27
388 69
389 34
390 67
391 27
392 41
393 78
394 59
395 26
396 90
397 29
398 40
399 55
400 15
401 38
402 51
403 48
404 43
405 39
406 40
407 35
408 45
409 85
410 34
411 44
412 38
413 42
414 74
415 29
416 63
417 23
418 59
419 65
420 23
421 32
422 42
423 57
424 50
425 78
426 32
427 41
428 57
429 21
430 17
431 53
432 76
433 40
434 67
435 39
436 19
437 52
438 43
439 30
440 41
441 48
442 42
443 42
444 33
445 84
446 72
447 15
448 47
449 52
450 100
451 59
452 38
453 28
454 78
455 29
456 16
457 37
458 74
459 41
460 40
461 42
462 71
463 32
464 39
465 48
466 33
467 58
468 37
469 82
470 80
471 42
472 35
473 88
474 53
475 52
476 70
477 51
478 29
479 23
480 15
481 37
482 29
483 49
484 21
485 42
486 17
487 90
488 50
489 55
490 56
491 38
492 68
493 69
494 19
495 25
496 26
497 66
498 46
499 33
500 51
501 19
502 54
503 56
504 44
505 34
506 33
507 78
508 35
509 85
510 59
511 73
512 59
513 38
514 35
515 24
516 70
517 37
518 35
519 64
520 40
521 37
522 27
523 59
524 29
525 59
526 52
527 62
528 38
529 82
530 32
531 37
532 11
533 70
534 43
535 29
536 86
537 58
538 39
539 12
540 57
541 56
542 40
543 20
544 39
545 38
546 41
547 47
548 35
549 84
550 37
551 39
552 43
553 60
554 26
555 68
556 37
557 38
558 43
559 58
560 64
561 96
562 40
563 44
564 73
565 62
566 38
567 16
568 30
569 58
570 46
571 82
572 49
573 38
574 51
575 39
576 54
577 54
578 65
579 68
580 40
581 82
582 47
583 47
584 52
585 64
586 40
587 46
588 76
589 36
590 16
591 45
592 32
593 38
594 78
595 53
596 45
597 43
598 93
599 39
600 25
601 71
602 64
603 65
604 70
605 25
606 24
607 33
608 58
609 39
610 34
611 50
612 46
613 37
614 49
615 65
616 42
617 36
618 40
619 50
620 36
621 50
622 82
623 41
624 83
625 41
626 78
627 32
628 27
629 48
630 24
631 46
632 14
633 38
634 43
635 66
636 22
637 52
638 32
639 32
640 71
641 45
642 38
643 23
644 42
645 59
646 39
647 66
648 36
649 25
650 36
651 83
652 85
653 62
654 38
655 85
656 33
657 47
658 33
659 51
660 32
661 74
662 34
663 39
664 45
665 47
666 42
667 47
668 38
669 51
670 64
671 48
672 45
673 34
674 77
675 45
676 46
677 63
678 96
679 50
680 51
681 55
682 66
683 59
684 37
685 17
686 83
687 92
688 40
689 31
690 53
691 58
692 13
693 12
694 23
695 32
696 25
697 30
698 16
699 27
700 40
701 46
702 40
703 31
704 31
705 57
706 35
707 59
708 56
709 39
710 59
711 53
712 79
713 46
714 36
715 43
716 74
717 60
718 43
719 43
720 40
721 47
722 77
723 54
724 46
725 68
726 71
727 34
728 51
729 55
730 34
731 75
732 39
733 29
734 55
735 36
736 44
737 24
738 54
739 45
740 35
741 31
742 41
743 52
744 69
745 51
746 26
747 96
748 36
749 64
750 35
751 73
752 26
753 45
754 58
755 24
756 39
757 44
758 37
759 68
760 56
761 37
762 53
763 50
764 43
765 56
766 50
767 58
768 32
769 11
770 40
771 36
772 37
773 17
774 44
775 16
776 70
777 86
778 54
779 43
780 113
781 49
782 35
783 16
784 72
785 51
786 29
787 29
788 27
789 90
790 21
791 34
792 65
793 48
794 74
795 41
796 61
797 41
798 52
799 28
800 39
801 19
802 47
803 40
804 54
805 81
806 50
807 48
808 76
809 93
810 84
811 21
812 37
813 61
814 69
815 40
816 58
817 50
818 43
819 43
820 36
821 41
822 42
823 50
824 36
825 32
826 69
827 57
828 42
829 66
830 40
831 53
832 32
833 48
834 51
835 64
836 81
837 57
838 49
839 25
840 64
841 22
842 25
843 31
844 45
845 52
846 75
847 52
848 45
849 56
850 53
851 25
852 54
853 43
854 57
855 48
856 29
857 45
858 38
859 36
860 37
861 51
862 39
863 28
864 47
865 64
866 23
867 83
868 30
869 23
870 61
871 82
872 104
873 42
874 47
875 30
876 71
877 75
878 75
879 32
880 59
881 53
882 34
883 57
884 36
885 47
886 42
887 48
888 44
889 58
890 50
891 18
892 29
893 46
894 31
895 28
896 27
897 80
898 49
899 38
900 33
901 44
902 50
903 68
904 27
905 65
906 33
907 80
908 60
909 73
910 42
911 51
912 57
913 82
914 31
915 58
916 51
917 51
918 40
919 62
920 41
921 40
922 67
923 45
924 31
925 69
926 54
927 33
928 82
929 33
930 57
931 69
932 24
933 49
934 32
935 28
936 53
937 81
938 39
939 48
940 30
941 100
942 52
943 63
944 47
945 61
946 57
947 55
948 73
949 38
950 29
951 41
952 61
953 51
954 36
955 65
956 54
957 71
958 82
959 70
960 97
961 49
962 45
963 75
964 25
965 69
966 31
967 66
968 38
969 15
970 16
971 21
972 38
973 73
974 18
975 32
976 26
977 115
978 45
979 49
980 67
981 70
982 40
983 53
984 24
985 47
986 75
987 31
988 20
989 61
990 34
991 29
992 39
993 111
994 57
995 42
996 27
997 37
998 67
999 40
1000 51
1001 55
1002 39
1003 40
1004 46
1005 43
1006 28
1007 43
1008 55
1009 48
1010 44
1011 60
1012 51
1013 47
1014 47
1015 56
1016 34
1017 80
1018 29
1019 47
1020 37
1021 34
1022 92
1023 50
1024 66
1025 30
1026 21
1027 62
1028 103
1029 75
1030 73
1031 63
1032 37
1033 75
1034 51
1035 60
1036 46
1037 46
1038 46
1039 83
1040 43
1041 35
1042 32
1043 73
1044 35
1045 42
1046 57
1047 65
1048 12
1049 48
1050 37
1051 76
1052 106
1053 29
1054 56
1055 58
1056 52
1057 58
1058 7
1059 47
1060 49
1061 62
1062 32
1063 61
1064 33
1065 62
1066 25
1067 37
1068 43
1069 63
1070 49
1071 33
1072 83
1073 50
1074 28
1075 61
1076 41
1077 28
1078 29
1079 98
1080 48
1081 72
1082 43
1083 47
1084 4
1085 62
1086 54
1087 41
1088 10
1089 30
1090 48
1091 34
1092 64
1093 35
1094 34
1095 38
1096 12
1097 25
1098 44
1099 31
1100 43
1101 69
1102 37
1103 49
1104 60
1105 27
1106 51
1107 40
1108 90
1109 37
1110 51
1111 16
1112 53
1113 69
1114 42
1115 54
1116 58
1117 80
1118 44
1119 35
1120 42
1121 48
1122 36
1123 72
1124 74
1125 45
1126 74
1127 85
1128 51
1129 65
1130 73
1131 93
1132 84
1133 60
1134 87
1135 12
1136 48
1137 33
1138 63
1139 46
1140 34
1141 20
1142 28
1143 61
1144 32
1145 34
1146 22
1147 47
1148 31
1149 42
1150 51
1151 46
1152 41
1153 67
1154 29
1155 10
1156 27
1157 60
1158 62
1159 70
1160 54
1161 72
1162 80
1163 45
1164 76
1165 34
1166 57
1167 41
1168 40
1169 46
1170 78
1171 44
1172 26
1173 53
1174 20
1175 47
1176 87
1177 57
1178 31
1179 72
1180 68
1181 67
1182 39
1183 74
1184 57
1185 83
1186 29
1187 46
1188 78
1189 31
1190 67
1191 21
1192 50
1193 73
1194 73
1195 24
1196 54
1197 61
1198 28
1199 55
1200 50
1201 83
1202 45
1203 42
1204 66
1205 11
1206 69
1207 28
1208 37
1209 94
1210 30
1211 61
1212 7
1213 24
1214 45
1215 16
1216 40
1217 77
1218 90
1219 20
1220 44
1221 39
1222 66
1223 19
1224 79
1225 40
1226 40
1227 14
1228 60
1229 38
1230 48
1231 36
1232 71
1233 33
1234 26
1235 23
1236 53
1237 49
1238 34
1239 41
1240 43
1241 57
1242 59
1243 37
1244 26
1245 38
1246 29
1247 43
1248 35
1249 45
1250 80
1251 77
1252 32
1253 42
1254 27
1255 26
1256 78
1257 33
1258 60
1259 92
1260 30
1261 34
1262 33
1263 71
1264 52
1265 39
1266 72
1267 43
1268 105
1269 30
1270 43
1271 19
1272 32
1273 63
1274 34
1275 46
1276 31
1277 56
1278 70
1279 56
1280 38
1281 25
1282 35
1283 43
1284 44
1285 61
1286 45
1287 37
1288 34
1289 30
1290 73
1291 32
1292 23
1293 45
1294 57
1295 42
1296 30
1297 60
1298 37
1299 53
1300 35
1301 39
1302 28
1303 11
1304 40
1305 45
1306 50
1307 40
1308 46
1309 47
1310 49
1311 32
1312 66
1313 22
1314 66
1315 44
1316 78
1317 33
1318 31
1319 24
1320 37
1321 43
1322 14
1323 40
1324 38
1325 73
1326 77
1327 52
1328 111
1329 59
1330 36
1331 35
1332 75
1333 41
1334 14
1335 47
1336 35
1337 68
1338 45
1339 39
1340 73
1341 56
1342 86
1343 34
1344 55
1345 47
1346 35
1347 52
1348 29
1349 32
1350 43
1351 47
1352 88
1353 89
1354 24
1355 109
1356 69
1357 75
1358 44
1359 49
1360 86
1361 53
1362 39
1363 83
1364 36
1365 37
1366 63
1367 51
1368 47
1369 33
1370 28
1371 36
1372 22
1373 44
1374 48
1375 47
1376 47
1377 50
1378 37
1379 86
1380 39
1381 45
1382 77
1383 66
1384 48
1385 74
1386 45
1387 35
1388 87
1389 27
1390 39
1391 58
1392 76
1393 67
1394 39
1395 59
1396 62
1397 28
1398 48
1399 67
1400 40
1401 63
1402 51
1403 116
1404 55
1405 76
1406 39
1407 51
1408 28
1409 71
1410 28
1411 91
1412 85
1413 33
1414 23
1415 25
1416 15
1417 37
1418 42
1419 39
1420 70
1421 52
1422 42
1423 83
1424 35
1425 43
1426 54
1427 37
1428 78
1429 57
1430 17
1431 28
1432 43
1433 51
1434 41
1435 34
1436 34
1437 57
1438 61
1439 20
1440 46
1441 89
1442 41
1443 27
1444 32
1445 58
1446 29
1447 45
1448 42
1449 10
1450 37
1451 23
1452 35
1453 26
1454 59
1455 28
1456 33
1457 43
1458 79
1459 27
1460 35
1461 43
1462 39
1463 38
1464 38
1465 57
1466 82
1467 54
1468 47
1469 22
1470 34
1471 60
1472 19
1473 41
1474 50
1475 49
1476 40
1477 27
1478 31
1479 70
1480 42
1481 56
1482 23
1483 83
1484 37
1485 18
1486 76
1487 45
1488 68
1489 29
1490 33
1491 54
1492 19
1493 35
1494 32
1495 74
1496 30
1497 65
1498 41
1499 20
1500 86
1501 43
1502 60
1503 11
1504 41
1505 22
1506 62
1507 59
1508 50
1509 52
1510 26
1511 73
1512 37
1513 41
1514 36
1515 30
1516 91
1517 35
1518 37
1519 35
1520 63
1521 40
1522 52
1523 32
1524 46
1525 75
1526 37
1527 39
1528 91
1529 14
1530 6
1531 71
1532 7
1533 46
1534 36
1535 34
1536 77
1537 75
1538 49
1539 5
1540 54
1541 89
1542 68
1543 47
1544 54
1545 54
1546 34
1547 24
1548 37
1549 66
1550 96
1551 38
1552 60
1553 60
1554 38
1555 30
1556 43
1557 62
1558 30
1559 27
1560 36
1561 47
1562 13
1563 97
1564 52
1565 45
1566 65
1567 78
1568 46
1569 30
1570 21
1571 71
1572 36
1573 69
1574 64
1575 64
1576 41
1577 41
1578 38
1579 63
1580 42
1581 52
1582 18
1583 24
1584 54
1585 78
1586 19
1587 24
1588 48
1589 64
1590 38
1591 15
1592 52
1593 44
1594 23
1595 36
1596 57
1597 25
1598 46
1599 42
1600 63
1601 30
1602 45
1603 48
1604 57
1605 49
1606 70
1607 39
1608 38
1609 33
1610 42
1611 31
1612 45
1613 43
1614 38
1615 40
1616 71
1617 71
1618 72
1619 34
1620 43
1621 71
1622 83
1623 27
1624 45
1625 100
1626 73
1627 35
1628 28
1629 100
1630 37
1631 40
1632 39
1633 71
1634 74
1635 49
1636 57
1637 48
1638 58
1639 54
1640 27
1641 74
1642 23
1643 31
1644 52
1645 65
1646 30
1647 40
1648 35
1649 20
1650 46
1651 48
1652 82
1653 33
1654 89
1655 37
1656 66
1657 51
1658 35
1659 38
1660 32
1661 47
1662 52
1663 39
1664 56
1665 35
1666 76
1667 13
1668 57
1669 55
1670 26
1671 98
1672 47
1673 49
1674 48
1675 57
1676 52
1677 65
1678 60
1679 63
1680 55
1681 77
1682 41
1683 71
1684 33
1685 19
1686 40
1687 40
1688 49
1689 51
1690 29
1691 91
1692 43
1693 75
1694 57
1695 55
1696 52
1697 36
1698 29
1699 53
1700 47
1701 34
1702 50
1703 32
1704 31
1705 63
1706 34
1707 78
1708 66
1709 23
1710 54
1711 35
1712 8
1713 42
1714 76
1715 38
1716 92
1717 42
1718 37
1719 25
1720 101
1721 89
1722 61
1723 48
1724 58
1725 25
1726 60
1727 36
1728 51
1729 11
1730 38
1731 76
1732 55
1733 64
1734 65
1735 47
1736 40
1737 20
1738 12
1739 41
1740 54
1741 85
1742 36
1743 57
1744 35
1745 36
1746 33
1747 70
1748 69
1749 46
1750 42
1751 61
1752 30
1753 35
1754 39
1755 25
1756 85
1757 41
1758 27
1759 45
1760 74
1761 36
1762 26
1763 66
1764 42
1765 71
1766 76
1767 26
1768 55
1769 58
1770 48
1771 63
1772 79
1773 55
1774 27
1775 27
1776 35
1777 48
1778 50
1779 102
1780 52
1781 51
1782 91
1783 64
1784 21
1785 43
1786 29
1787 42
1788 41
1789 43
1790 72
1791 39
1792 43
1793 115
1794 57
1795 32
1796 40
1797 46
1798 41
1799 46
1800 41
1801 50
1802 80
1803 56
1804 86
1805 33
1806 59
1807 32
1808 28
1809 39
1810 48
1811 32
1812 27
1813 90
1814 44
1815 37
1816 39
1817 22
1818 39
1819 57
1820 78
1821 17
1822 54
1823 32
1824 16
1825 45
1826 41
1827 23
1828 83
1829 78
1830 75
1831 39
1832 22
1833 31
1834 71
1835 34
1836 42
1837 58
1838 62
1839 17
1840 36
1841 34
1842 85
1843 46
1844 59
1845 78
1846 28
1847 32
1848 29
1849 75
1850 70
1851 20
1852 55
1853 44
1854 59
1855 15
1856 56
1857 62
1858 37
1859 70
1860 57
1861 52
1862 43
1863 25
1864 43
1865 57
1866 50
1867 52
1868 38
1869 51
1870 13
1871 0
1872 35
1873 41
1874 69
1875 8
1876 75
1877 41
1878 55
1879 23
1880 91
1881 52
1882 81
1883 70
1884 73
1885 52
1886 48
1887 73
1888 66
1889 93
1890 28
1891 30
1892 57
1893 38
1894 39
1895 29
1896 50
1897 43
1898 49
1899 52
1900 52
1901 54
1902 84
1903 37
1904 41
1905 63
1906 62
1907 97
1908 34
1909 46
1910 46
1911 29
1912 84
1913 50
1914 30
1915 78
1916 46
1917 39
1918 33
1919 43
1920 38
1921 62
1922 47
1923 44
1924 116
1925 45
1926 18
1927 27
1928 50
1929 20
1930 28
1931 35
1932 32
1933 42
1934 40
1935 47
1936 59
1937 73
1938 23
1939 35
1940 31
1941 37
1942 40
1943 29
1944 59
1945 34
1946 53
1947 36
1948 59
1949 114
1950 40
1951 55
1952 35
1953 26
1954 46
1955 90
1956 30
1957 72
1958 71
1959 32
1960 41
1961 84
1962 19
1963 45
1964 77
1965 114
1966 47
1967 33
1968 83
1969 60
1970 55
1971 47
1972 63
1973 44
1974 40
1975 67
1976 40
1977 90
1978 37
1979 53
1980 45
1981 75
1982 63
1983 28
1984 29
1985 40
1986 20
1987 26
1988 57
1989 56
1990 42
1991 33
1992 78
1993 55
1994 45
1995 77
1996 51
1997 31
1998 51
1999 48
2000 42
2001 20
2002 28
2003 34
2004 63
2005 48
2006 70
2007 38
2008 63
2009 27
2010 39
2011 16
2012 48
2013 66
2014 30
2015 51
2016 13
2017 78
2018 61
2019 41
2020 66
2021 54
2022 74
2023 5
2024 34
2025 69
2026 52
2027 15
2028 49
2029 71
2030 31
2031 28
2032 40
2033 38
2034 51
2035 31
2036 31
2037 50
2038 42
2039 38
2040 71
2041 35
2042 23
2043 50
2044 60
2045 36
2046 71
2047 17
2048 36
2049 46
2050 51
2051 43
2052 46
2053 52
2054 64
2055 53
2056 22
2057 51
2058 32
2059 32
2060 55
2061 73
2062 41
2063 99
2064 87
2065 24
2066 44
2067 63
2068 45
2069 47
2070 74
2071 25
2072 54
2073 45
2074 38
2075 53
2076 82
2077 17
2078 54
2079 66
2080 29
2081 36
2082 24
2083 65
2084 64
2085 35
2086 45
2087 57
2088 31
2089 31
2090 41
2091 38
2092 36
2093 30
2094 62
2095 38
2096 21
2097 26
2098 25
2099 47
2100 35
2101 33
2102 36
2103 28
2104 25
2105 53
2106 27
2107 16
2108 57
2109 37
2110 43
2111 72
2112 47
2113 62
2114 89
2115 39
2116 25
2117 33
2118 74
2119 49
2120 58
2121 60
2122 50
2123 23
2124 48
2125 61
2126 62
2127 105
2128 37
2129 61
2130 41
2131 26
2132 49
2133 58
2134 62
2135 82
2136 43
2137 55
2138 27
2139 47
2140 63
2141 61
2142 50
2143 28
2144 31
2145 62
2146 49
2147 54
2148 36
2149 40
2150 49
2151 30
2152 58
2153 44
2154 55
2155 54
2156 48
2157 52
2158 23
2159 21
2160 54
2161 42
2162 54
2163 43
2164 28
2165 22
2166 39
2167 53
2168 57
2169 20
2170 35
2171 50
2172 32
2173 44
2174 60
2175 52
2176 28
2177 39
2178 68
2179 45
2180 35
2181 50
2182 43
2183 43
2184 73
2185 50
2186 51
2187 47
2188 14
2189 35
2190 51
2191 53
2192 35
2193 51
2194 74
2195 79
2196 29
2197 53
2198 35
2199 30
2200 52
2201 94
2202 57
2203 32
2204 87
2205 25
2206 56
2207 45
2208 32
2209 44
2210 26
2211 86
2212 44
2213 66
2214 29
2215 59
2216 65
2217 47
2218 41
2219 36
2220 62
2221 43
2222 22
2223 49
2224 31
2225 32
2226 22
2227 28
2228 47
2229 34
2230 57
2231 37
2232 39
2233 28
2234 76
2235 58
2236 31
2237 38
2238 40
2239 60
2240 50
2241 49
2242 45
2243 50
2244 44
2245 26
2246 31
2247 39
2248 36
2249 0
2250 47
2251 46
2252 27
2253 35
2254 89
2255 45
2256 30
2257 63
2258 49
2259 32
2260 26
2261 51
2262 38
2263 52
2264 44
2265 55
2266 61
2267 83
2268 36
2269 40
2270 37
2271 91
2272 26
2273 29
2274 58
2275 27
2276 60
2277 57
2278 21
2279 51
2280 59
2281 37
2282 34
2283 62
2284 39
2285 42
2286 43
2287 51
2288 25
2289 49
2290 31
2291 75
2292 76
2293 29
2294 61
2295 61
2296 89
2297 91
2298 46
2299 49
2300 46
2301 88
2302 61
2303 32
2304 21
2305 58
2306 57
2307 32
2308 57
2309 40
2310 79
2311 76
2312 43
2313 23
2314 38
2315 40
2316 72
2317 33
2318 52
2319 67
2320 41
2321 23
2322 51
2323 36
2324 31
2325 12
2326 51
2327 56
2328 29
2329 29
2330 71
2331 55
2332 45
2333 33
2334 43
2335 38
2336 46
2337 59
2338 41
2339 42
2340 54
2341 34
2342 36
2343 33
2344 58
2345 35
2346 91
2347 61
2348 14
2349 47
2350 41
2351 55
2352 22
2353 55
2354 62
2355 27
2356 52
2357 75
2358 79
2359 39
2360 55
2361 52
2362 34
2363 45
2364 31
2365 42
2366 64
2367 44
2368 41
2369 67
2370 55
2371 57
2372 41
2373 69
2374 33
2375 35
2376 40
2377 26
2378 106
2379 42
2380 88
2381 53
2382 37
2383 24
2384 40
2385 106
2386 48
2387 93
2388 37
2389 30
2390 57
2391 63
2392 18
2393 103
2394 33
2395 52
2396 29
2397 24
2398 40
2399 28
2400 60
2401 36
2402 28
2403 46
2404 58
2405 26
2406 28
2407 35
2408 52
2409 41
2410 24
2411 94
2412 27
2413 57
2414 47
2415 34
2416 54
2417 44
2418 48
2419 73
2420 23
2421 53
2422 50
2423 46
2424 53
2425 32
2426 90
2427 34
2428 64
2429 28
2430 67
2431 57
2432 23
2433 54
2434 43
2435 45
2436 44
2437 36
2438 51
2439 25
2440 34
2441 65
2442 49
2443 46
2444 81
2445 35
2446 52
2447 62
2448 31
2449 38
2450 75
2451 22
2452 58
2453 22
2454 89
2455 61
2456 28
2457 35
2458 101
2459 53
2460 26
2461 45
2462 41
2463 72
2464 76
2465 42
2466 71
2467 60
2468 50
2469 51
2470 47
2471 45
2472 44
2473 33
2474 88
2475 58
2476 42
2477 38
2478 50
2479 32
2480 36
2481 57
2482 35
2483 45
2484 77
2485 78
2486 26
2487 59
2488 42
2489 46
2490 34
2491 76
2492 33
2493 48
2494 54
2495 50
2496 25
2497 41
2498 41
2499 29
2500 39
2501 36
2502 42
2503 83
2504 63
2505 18
2506 89
2507 45
2508 56
2509 25
2510 72
2511 48
2512 64
2513 119
2514 69
2515 62
2516 41
2517 48
2518 66
2519 49
2520 31
2521 75
2522 35
2523 62
2524 17
2525 55
2526 37
2527 46
2528 66
2529 29
2530 35
2531 48
2532 6
2533 26
2534 41
2535 87
2536 47
2537 62
2538 47
2539 78
2540 60
2541 25
2542 66
2543 34
2544 39
2545 83
2546 39
2547 36
2548 42
2549 48
2550 42
2551 48
2552 35
2553 71
2554 37
2555 82
2556 59
2557 64
2558 72
2559 32
2560 33
2561 23
2562 42
2563 84
2564 65
2565 49
2566 33
2567 47
2568 45
2569 59
2570 31
2571 39
2572 21
2573 55
2574 54
2575 54
2576 43
2577 36
2578 60
2579 67
2580 43
2581 38
2582 40
2583 56
2584 59
2585 23
2586 30
2587 22
2588 51
2589 57
2590 50
2591 30
2592 31
2593 34
2594 62
2595 27
2596 23
2597 44
2598 36
2599 35
2600 47
2601 34
2602 30
2603 49
2604 24
2605 45
2606 26
2607 47
2608 41
2609 32
2610 37
2611 53
2612 46
2613 72
2614 55
2615 71
2616 35
2617 49
2618 42
2619 25
2620 41
2621 30
2622 69
2623 46
2624 45
2625 45
2626 43
2627 52
2628 75
2629 61
2630 44
2631 65
2632 39
2633 26
2634 57
2635 22
2636 23
2637 46
2638 78
2639 34
2640 57
2641 28
2642 28
2643 42
2644 34
2645 54
2646 36
2647 37
2648 62
2649 38
2650 64
2651 30
2652 61
2653 61
2654 68
2655 57
2656 27
2657 46
2658 39
2659 21
2660 87
2661 37
2662 52
2663 46
2664 33
2665 48
2666 28
2667 24
2668 53
2669 33
2670 33
2671 62
2672 43
2673 42
2674 42
2675 71
2676 41
2677 27
2678 23
2679 53
2680 42
2681 30
2682 53
2683 36
2684 36
2685 76
2686 58
2687 42
2688 68
2689 25
2690 29
2691 76
2692 18
2693 74
2694 53
2695 55
2696 54
2697 66
2698 35
2699 26
2700 24
2701 39
2702 36
2703 48
2704 88
2705 33
2706 30
2707 44
2708 79
2709 37
2710 33
2711 43
2712 40
2713 46
2714 90
2715 34
2716 30
2717 37
2718 49
2719 67
2720 68
2721 97
2722 69
2723 42
2724 39
2725 59
2726 27
2727 37
2728 80
2729 36
2730 47
2731 77
2732 73
2733 86
2734 25
2735 64
2736 31
2737 27
2738 74
2739 50
2740 77
2741 55
2742 58
2743 92
2744 41
2745 48
2746 37
2747 39
2748 42
2749 54
2750 59
2751 58
2752 53
2753 45
2754 28
2755 37
2756 32
2757 27
2758 61
2759 31
2760 30
2761 23
2762 38
2763 61
2764 64
2765 73
2766 23
2767 65
2768 52
2769 29
2770 41
2771 31
2772 57
2773 59
2774 36
2775 26
2776 30
2777 56
2778 60
2779 49
2780 12
2781 71
2782 38
2783 34
2784 24
2785 24
2786 51
2787 55
2788 45
2789 48
2790 25
2791 23
2792 80
2793 94
2794 25
2795 58
2796 28
2797 55
2798 27
2799 89
2800 59
2801 80
2802 36
2803 31
2804 47
2805 56
2806 54
2807 35
2808 85
2809 73
2810 25
2811 36
2812 42
2813 45
2814 58
2815 56
2816 74
2817 11
2818 46
2819 36
2820 49
2821 59
2822 53
2823 67
2824 33
2825 51
2826 35
2827 19
2828 37
2829 67
2830 18
2831 59
2832 52
2833 46
2834 33
2835 41
2836 46
2837 51
2838 41
2839 52
2840 53
2841 53
2842 51
2843 38
2844 47
2845 24
2846 60
2847 31
2848 57
2849 35
2850 76
2851 35
2852 59
2853 41
2854 56
2855 70
2856 33
2857 32
2858 24
2859 98
2860 25
2861 29
2862 73
2863 38
2864 33
2865 23
2866 96
2867 73
2868 42
2869 34
2870 33
2871 22
2872 46
2873 68
2874 47
2875 38
2876 94
2877 40
2878 39
2879 84
2880 24
2881 30
2882 10
2883 69
2884 31
2885 65
2886 103
2887 21
2888 22
2889 52
2890 40
2891 84
2892 49
2893 26
2894 26
2895 39
2896 58
2897 52
2898 52
2899 33
2900 38
2901 59
2902 31
2903 48
2904 37
2905 51
2906 40
2907 56
2908 50
2909 28
2910 54
2911 28
2912 21
2913 40
2914 34
2915 77
2916 85
2917 43
2918 35
2919 61
2920 46
2921 19
2922 60
2923 65
2924 47
2925 72
2926 54
2927 25
2928 21
2929 82
2930 32
2931 28
2932 48
2933 27
2934 42
2935 10
2936 40
2937 38
2938 62
2939 46
2940 48
2941 90
2942 61
2943 44
2944 10
2945 37
2946 33
2947 27
2948 23
2949 42
2950 47
2951 42
2952 54
2953 27
2954 44
2955 31
2956 51
2957 23
2958 49
2959 64
2960 88
2961 37
2962 41
2963 61
2964 56
2965 91
2966 41
2967 58
2968 74
2969 53
2970 23
2971 28
2972 80
2973 35
2974 38
2975 10
2976 57
2977 72
2978 60
2979 33
2980 64
2981 73
2982 44
2983 67
2984 32
2985 52
2986 42
2987 37
2988 77
2989 51
2990 110
2991 43
2992 59
2993 17
2994 67
2995 22
2996 15
2997 55
2998 60
2999 75
3000 38
3001 35
3002 62
3003 57
3004 69
3005 24
3006 84
3007 43
3008 27
3009 42
3010 31
3011 42
3012 60
3013 50
3014 75
3015 35
3016 46
3017 26
3018 40
3019 40
3020 34
3021 50
3022 44
3023 41
3024 37
3025 42
3026 43
3027 30
3028 48
3029 40
3030 34
3031 41
3032 44
3033 37
3034 55
3035 27
3036 34
3037 32
3038 51
3039 42
3040 33
3041 59
3042 30
3043 69
3044 42
3045 25
3046 42
3047 85
3048 83
3049 50
3050 41
3051 19
3052 36
3053 43
3054 39
3055 32
3056 56
3057 51
3058 28
3059 19
3060 40
3061 70
3062 64
3063 70
3064 69
3065 12
3066 73
3067 39
3068 44
3069 64
3070 41
3071 38
3072 25
3073 21
3074 58
3075 42
3076 16
3077 28
3078 57
3079 74
3080 20
3081 82
3082 31
3083 35
3084 22
3085 52
3086 57
3087 40
3088 47
3089 58
3090 31
3091 53
3092 30
3093 37
3094 80
3095 40
3096 46
3097 35
3098 45
3099 23
3100 44
3101 66
3102 52
3103 14
3104 32
3105 63
3106 50
3107 47
3108 50
3109 54
3110 52
3111 39
3112 39
3113 49
3114 47
3115 10
3116 46
3117 40
3118 44
3119 51
3120 25
3121 22
3122 39
3123 45
3124 3
3125 32
3126 44
3127 55
3128 37
3129 28
3130 40
3131 27
3132 58
3133 36
3134 50
3135 32
3136 45
3137 74
3138 45
3139 84
3140 49
3141 66
3142 49
3143 92
3144 21
3145 61
3146 81
3147 27
3148 55
3149 35
3150 28
3151 83
3152 56
3153 70
3154 62
3155 43
3156 39
3157 32
3158 53
3159 20
3160 72
3161 76
3162 92
3163 96
3164 37
3165 55
3166 53
3167 96
3168 16
3169 85
3170 59
3171 28
3172 40
3173 48
3174 63
3175 51
3176 48
3177 36
3178 26
3179 49
3180 85
3181 33
3182 48
3183 56
3184 58
3185 37
3186 76
3187 31
3188 70
3189 36
3190 45
3191 38
3192 29
3193 31
3194 27
3195 45
3196 64
3197 43
3198 58
3199 47
3200 63
3201 63
3202 65
3203 31
3204 44
3205 36
3206 62
3207 46
3208 22
3209 22
3210 44
3211 37
3212 21
3213 39
3214 44
3215 48
3216 53
3217 30
3218 42
3219 22
3220 21
3221 57
3222 33
3223 47
3224 38
3225 45
3226 54
3227 41
3228 11
3229 56
3230 53
3231 42
3232 73
3233 66
3234 69
3235 55
3236 101
3237 55
3238 15
3239 63
3240 39
3241 37
3242 46
3243 44
3244 29
3245 69
3246 49
3247 49
3248 42
3249 49
3250 88
3251 18
3252 63
3253 70
3254 31
3255 26
3256 37
3257 28
3258 20
3259 24
3260 29
3261 59
3262 78
3263 34
3264 95
3265 44
3266 31
3267 19
3268 28
3269 39
3270 10
3271 44
3272 45
3273 43
3274 76
3275 45
3276 105
3277 36
3278 60
3279 49
3280 43
3281 43
3282 53
3283 60
3284 42
3285 60
3286 20
3287 42
3288 38
3289 44
3290 104
3291 23
3292 42
3293 25
3294 39
3295 38
3296 37
3297 31
3298 31
3299 28
3300 51
3301 45
3302 42
3303 34
3304 41
3305 33
3306 70
3307 29
3308 24
3309 65
3310 43
3311 39
3312 23
3313 81
3314 24
3315 36
3316 69
3317 37
3318 26
3319 42
3320 75
3321 78
3322 90
3323 32
3324 45
3325 34
3326 93
3327 67
3328 44
3329 82
3330 37
3331 29
3332 74
3333 35
3334 72
3335 74
3336 43
3337 48
3338 101
3339 59
3340 44
3341 46
3342 70
3343 78
3344 23
3345 51
3346 64
3347 49
3348 35
3349 64
3350 36
3351 45
3352 44
3353 39
3354 31
3355 40
3356 48
3357 51
3358 17
3359 79
3360 46
3361 37
3362 50
3363 73
3364 89
3365 28
3366 41
3367 36
3368 35
3369 49
3370 59
3371 48
3372 33
3373 52
3374 53
3375 32
3376 43
3377 12
3378 45
3379 29
3380 36
3381 50
3382 41
3383 29
3384 48
3385 27
3386 38
3387 9
3388 30
3389 42
3390 54
3391 62
3392 34
3393 60
3394 33
3395 34
3396 73
3397 26
3398 93
3399 48
3400 24
3401 33
3402 28
3403 47
3404 46
3405 41
3406 66
3407 45
3408 44
3409 46
3410 31
3411 52
3412 53
3413 51
3414 30
3415 28
3416 27
3417 76
3418 60
3419 41
3420 40
3421 37
3422 30
3423 41
3424 31
3425 45
3426 58
3427 37
3428 29
3429 60
3430 42
3431 77
3432 54
3433 52
3434 47
3435 42
3436 49
3437 36
3438 50
3439 69
3440 52
3441 56
3442 17
3443 20
3444 57
3445 43
3446 32
3447 36
3448 40
3449 15
3450 69
3451 43
3452 38
3453 67
3454 30
3455 25
3456 37
3457 43
3458 15
3459 50
3460 79
3461 54
3462 26
3463 30
3464 66
3465 35
3466 55
3467 42
3468 74
3469 46
3470 32
3471 13
3472 30
3473 36
3474 39
3475 47
3476 35
3477 39
3478 84
3479 20
3480 33
3481 27
3482 38
3483 41
3484 12
3485 27
3486 79
3487 18
3488 41
3489 20
3490 16
3491 43
3492 57
3493 52
3494 72
3495 30
3496 38
3497 69
3498 69
3499 67
3500 27
3501 42
3502 52
3503 45
3504 19
3505 27
3506 32
3507 28
3508 42
3509 51
3510 37
3511 44
3512 45
3513 48
3514 54
3515 33
3516 38
3517 51
3518 18
3519 31
3520 41
3521 56
3522 61
3523 43
3524 32
3525 14
3526 29
3527 43
3528 49
3529 37
3530 36
3531 28
3532 40
3533 37
3534 10
3535 35
3536 29
3537 58
3538 27
3539 39
3540 69
3541 44
3542 44
3543 46
3544 21
3545 75
3546 43
3547 28
3548 49
3549 18
3550 41
3551 29
3552 50
3553 29
3554 39
3555 62
3556 32
3557 89
3558 46
3559 31
3560 46
3561 77
3562 47
3563 31
3564 53
3565 42
3566 25
3567 19
3568 26
3569 31
3570 73
3571 46
3572 65
3573 23
3574 18
3575 31
3576 40
3577 45
3578 62
3579 60
3580 35
3581 -4
3582 39
3583 84
3584 52
3585 12
3586 71
3587 34
3588 63
3589 42
3590 44
3591 17
3592 42
3593 12
3594 36
3595 67
3596 51
3597 35
3598 69
3599 22
3600 44
3601 49
3602 54
3603 41
3604 50
3605 37
3606 18
3607 65
3608 51
3609 41
3610 61
3611 44
3612 45
3613 30
3614 14
3615 72
3616 33
3617 45
3618 17
3619 29
3620 28
3621 57
3622 22
3623 61
3624 26
3625 51
3626 24
3627 43
3628 25
3629 56
3630 10
3631 28
3632 69
3633 18
3634 27
3635 43
3636 58
3637 57
3638 50
3639 20
3640 50
3641 0
3642 31
3643 31
3644 40
3645 44
3646 24
3647 13
3648 33
3649 45
3650 49
3651 31
3652 34
3653 47
3654 54
3655 55
3656 51
3657 49
3658 65
3659 23
3660 39
3661 28
3662 31
3663 34
3664 30
3665 28
3666 20
3667 25
3668 38
3669 59
3670 19
3671 79
3672 22
3673 29
3674 43
3675 72
3676 22
3677 47
3678 66
3679 33
3680 15
3681 44
3682 45
3683 5
3684 42
3685 37
3686 42
3687 34
3688 36
3689 30
3690 77
3691 59
3692 39
3693 54
3694 44
3695 37
3696 41
3697 37
3698 40
3699 33
3700 75
3701 34
3702 47
3703 13
3704 26
3705 48
3706 29
3707 62
3708 50
3709 40
3710 47
3711 80
3712 40
3713 35
3714 47
3715 50
3716 31
3717 43
3718 77
3719 40
3720 30
3721 46
3722 55
3723 72
3724 55
3725 8
3726 39
3727 41
3728 45
3729 31
3730 81
3731 68
3732 46
3733 26
3734 34
3735 41
3736 43
3737 34
3738 98
3739 33
3740 30
3741 14
3742 34
3743 46
3744 57
3745 25
3746 23
3747 63
3748 37
3749 54
3750 38
3751 47
3752 48
3753 30
3754 40
3755 63
3756 40
3757 47
3758 36
3759 42
3760 81
3761 54
3762 57
3763 60
3764 88
3765 46
3766 45
3767 50
3768 30
3769 58
3770 44
3771 39
3772 87
3773 49
3774 25
3775 30
3776 33
3777 44
3778 59
3779 36
3780 65
3781 62
3782 58
3783 25
3784 23
3785 49
3786 28
3787 40
3788 62
3789 40
3790 45
3791 78
3792 32
3793 42
3794 22
3795 59
3796 46
3797 53
3798 47
3799 38
3800 52
3801 47
3802 25
3803 47
3804 34
3805 63
3806 32
3807 30
3808 20
3809 55
3810 10
3811 43
3812 48
3813 27
3814 21
3815 38
3816 30
3817 47
3818 50
3819 69
3820 36
3821 33
3822 27
3823 19
3824 58
3825 33
3826 33
3827 30
3828 38
3829 37
3830 44
3831 34
3832 32
3833 53
3834 27
3835 39
3836 52
3837 95
3838 34
3839 55
3840 22
3841 67
3842 15
3843 21
3844 59
3845 51
3846 23
3847 52
3848 38
3849 50
3850 61
3851 32
3852 50
3853 58
3854 49
3855 50
3856 34
3857 43
3858 39
3859 16
3860 50
3861 20
3862 26
3863 58
3864 22
3865 81
3866 28
3867 33
3868 48
3869 49
3870 38
3871 32
3872 19
3873 55
3874 26
3875 21
3876 32
3877 61
3878 34
3879 36
3880 62
3881 50
3882 75
3883 39
3884 39
3885 101
3886 35
3887 83
3888 31
3889 32
3890 33
3891 33
3892 34
3893 37
3894 26
3895 68
3896 23
3897 43
3898 44
3899 40
3900 25
3901 42
3902 47
3903 48
3904 25
3905 50
3906 43
3907 45
3908 24
3909 46
3910 30
3911 44
3912 43
3913 56
3914 76
3915 39
3916 41
3917 67
3918 59
3919 58
3920 72
3921 31
3922 63
3923 42
3924 26
3925 25
3926 35
3927 42
3928 33
3929 33
3930 36
3931 23
3932 43
3933 23
3934 17
3935 48
3936 23
3937 31
3938 47
3939 29
3940 53
3941 37
3942 44
3943 37
3944 55
3945 35
3946 21
3947 88
3948 48
3949 31
3950 42
3951 17
3952 23
3953 38
3954 45
3955 26
3956 58
3957 72
3958 32
3959 50
3960 34
3961 57
3962 60
3963 24
3964 44
3965 48
3966 73
3967 33
3968 48
3969 15
3970 50
3971 68
3972 102
3973 48
3974 43
3975 22
3976 33
3977 51
3978 33
3979 32
3980 49
3981 54
3982 53
3983 36
3984 43
3985 25
3986 57
3987 80
3988 23
3989 23
3990 59
3991 52
3992 33
3993 24
3994 52
3995 28
3996 57
3997 50
3998 85
3999 64
4000 45
4001 45
4002 33
4003 37
4004 26
4005 74
4006 55
4007 44
4008 75
4009 62
4010 100
4011 49
4012 22
4013 31
4014 39
4015 30
4016 27
4017 20
4018 38
4019 28
4020 23
4021 46
4022 39
4023 36
4024 35
4025 94
4026 31
4027 37
4028 58
4029 29
4030 33
4031 55
4032 29
4033 30
4034 85
4035 12
4036 28
4037 44
4038 79
4039 64
4040 67
4041 28
4042 41
4043 45
4044 21
4045 37
4046 21
4047 57
4048 50
4049 38
4050 64
4051 23
4052 36
4053 56
4054 23
4055 75
4056 49
4057 44
4058 52
4059 41
4060 80
4061 40
4062 40
4063 36
4064 47
4065 48
4066 94
4067 53
4068 41
4069 43
4070 16
4071 86
4072 25
4073 60
4074 34
4075 39
4076 61
4077 52
4078 51
4079 84
4080 92
4081 65
4082 35
4083 57
4084 37
4085 28
4086 63
4087 36
4088 39
4089 42
4090 45
4091 48
4092 44
4093 43
4094 40
4095 20
4096 27
4097 44
4098 23
4099 34
4100 51
4101 26
4102 29
4103 28
4104 37
4105 38
4106 55
4107 30
4108 58
4109 36
4110 46
4111 31
4112 95
4113 82
4114 21
4115 44
4116 91
4117 9
4118 25
4119 56
4120 36
4121 25
4122 37
4123 36
4124 34
4125 43
4126 28
4127 56
4128 28
4129 36
4130 78
4131 41
4132 48
4133 59
4134 42
4135 44
4136 56
4137 49
4138 22
4139 52
4140 15
4141 68
4142 64
4143 55
4144 31
4145 59
4146 7
4147 59
4148 34
4149 43
4150 26
4151 41
4152 28
4153 23
4154 66
4155 43
4156 29
4157 52
4158 53
4159 28
4160 80
4161 32
4162 101
4163 30
4164 55
4165 65
4166 34
4167 60
4168 41
4169 34
4170 86
4171 16
4172 28
4173 29
4174 26
4175 44
4176 48
4177 52
4178 67
4179 39
4180 43
4181 52
4182 50
4183 32
4184 48
4185 50
4186 34
4187 60
4188 40
4189 57
4190 31
4191 35
4192 72
4193 51
4194 28
4195 36
4196 42
4197 77
4198 36
4199 43
4200 74
4201 50
4202 24
4203 69
4204 55
4205 21
4206 23
4207 35
4208 28
4209 28
4210 45
4211 33
4212 35
4213 30
4214 31
4215 53
4216 29
4217 37
4218 102
4219 73
4220 31
4221 51
4222 60
4223 53
4224 24
4225 82
4226 39
4227 39
4228 32
4229 51
4230 60
4231 38
4232 33
4233 30
4234 47
4235 90
4236 43
4237 56
4238 62
4239 25
4240 46
4241 33
4242 46
4243 49
4244 14
4245 37
4246 55
4247 54
4248 50
4249 25
4250 17
4251 32
4252 21
4253 24
4254 75
4255 47
4256 47
4257 22
4258 52
4259 50
4260 44
4261 69
4262 42
4263 28
4264 55
4265 15
4266 35
4267 38
4268 24
4269 38
4270 97
4271 65
4272 26
4273 60
4274 20
4275 76
4276 45
4277 41
4278 71
4279 27
4280 25
4281 61
4282 35
4283 48
4284 46
4285 23
4286 51
4287 31
4288 60
4289 39
4290 31
4291 44
4292 31
4293 33
4294 10
4295 100
4296 46
4297 37
4298 37
4299 67
4300 51
4301 31
4302 73
4303 32
4304 55
4305 77
4306 43
4307 44
4308 49
4309 18
4310 29
4311 55
4312 38
4313 59
4314 68
4315 56
4316 45
4317 50
4318 36
4319 67
4320 85
4321 45
4322 40
4323 21
4324 51
4325 50
4326 80
4327 40
4328 39
4329 38
4330 20
4331 46
4332 49
4333 64
4334 23
4335 87
4336 40
4337 52
4338 76
4339 46
4340 70
4341 26
4342 67
4343 20
4344 27
4345 60
4346 43
4347 44
4348 36
4349 15
4350 22
4351 49
4352 119
4353 39
4354 50
4355 26
4356 24
4357 29
4358 44
4359 44
4360 23
4361 71
4362 42
4363 64
4364 36
4365 33
4366 43
4367 47
4368 69
4369 18
4370 35
4371 57
4372 42
4373 38
4374 11
4375 52
4376 93
4377 27
4378 33
4379 63
4380 29
4381 51
4382 26
4383 46
4384 55
4385 48
4386 36
4387 79
4388 49
4389 64
4390 50
4391 57
4392 27
4393 47
4394 48
4395 26
4396 60
4397 49
4398 27
4399 39
4400 36
4401 89
4402 34
4403 46
4404 41
4405 13
4406 42
4407 10
4408 32
4409 29
4410 61
4411 55
4412 45
4413 57
4414 26
4415 29
4416 15
4417 48
4418 26
4419 52
4420 18
4421 43
4422 64
4423 26
4424 41
4425 42
4426 57
4427 34
4428 49
4429 17
4430 52
4431 49
4432 20
4433 19
4434 40
4435 38
4436 41
4437 42
4438 27
4439 48
4440 26
4441 29
4442 38
4443 48
4444 34
4445 51
4446 18
4447 15
4448 67
4449 38
4450 49
4451 19
4452 14
4453 33
4454 27
4455 52
4456 25
4457 37
4458 24
4459 14
4460 79
4461 47
4462 44
4463 38
4464 40
4465 57
4466 23
4467 42
4468 36
4469 31
4470 22
4471 50
4472 23
4473 36
4474 45
4475 10
4476 26
4477 56
4478 56
4479 32
4480 24
4481 29
4482 58
4483 26
4484 46
4485 45
4486 43
4487 23
4488 27
4489 31
4490 54
4491 45
4492 28
4493 49
4494 38
4495 35
4496 53
4497 10
4498 21
4499 40
4500 84
4501 28
4502 25
4503 67
4504 28
4505 11
4506 78
4507 60
4508 34
4509 42
4510 43
4511 38
4512 68
4513 69
4514 54
4515 52
4516 38
4517 41
4518 51
4519 58
4520 68
4521 20
4522 73
4523 69
4524 20
4525 35
4526 97
4527 36
4528 26
4529 19
4530 42
4531 45
4532 20
4533 51
4534 44
4535 26
4536 47
4537 41
4538 50
4539 26
4540 33
4541 63
4542 50
4543 37
4544 32
4545 25
4546 41
4547 65
4548 38
4549 34
4550 33
4551 48
4552 42
4553 26
4554 61
4555 55
4556 37
4557 19
4558 12
4559 29
4560 69
4561 36
4562 46
4563 39
4564 58
4565 34
4566 6
4567 43
4568 56
4569 13
4570 53
4571 111
4572 47
4573 42
4574 55
4575 28
4576 69
4577 45
4578 39
4579 24
4580 38
4581 57
4582 95
4583 36
4584 17
4585 35
4586 22
4587 44
4588 28
4589 33
4590 29
4591 37
4592 97
4593 38
4594 25
4595 46
4596 52
4597 43
4598 45
4599 33
4600 63
4601 43
4602 30
4603 46
4604 42
4605 87
4606 25
4607 46
4608 48
4609 35
4610 30
4611 5
4612 35
4613 35
4614 29
4615 51
4616 0
4617 31
4618 68
4619 17
4620 50
4621 33
4622 46
4623 31
4624 37
4625 44
4626 56
4627 40
4628 24
4629 41
4630 31
4631 44
4632 25
4633 39
4634 22
4635 44
4636 34
4637 25
4638 34
4639 33
4640 48
4641 38
4642 43
4643 54
4644 40
4645 31
4646 39
4647 52
4648 67
4649 114
4650 55
4651 64
4652 29
4653 39
4654 31
4655 43
4656 47
4657 75
4658 36
4659 31
4660 32
4661 64
4662 42
4663 22
4664 11
4665 41
4666 37
4667 33
4668 28
4669 10
4670 26
4671 12
4672 66
4673 58
4674 36
4675 42
4676 26
4677 52
4678 14
4679 43
4680 30
4681 27
4682 58
4683 38
4684 50
4685 13
4686 74
4687 28
4688 31
4689 36
4690 22
4691 33
4692 53
4693 28
4694 104
4695 31
4696 25
4697 29
4698 35
4699 29
4700 31
4701 38
4702 40
4703 62
4704 43
4705 50
4706 32
4707 42
4708 22
4709 31
4710 42
4711 29
4712 36
4713 53
4714 66
4715 25
4716 49
4717 52
4718 54
4719 44
4720 49
4721 49
4722 17
4723 29
4724 32
4725 43
4726 32
4727 82
4728 54
4729 21
4730 53
4731 50
4732 39
4733 43
4734 39
4735 47
4736 39
4737 33
4738 37
4739 46
4740 37
4741 20
4742 41
4743 61
4744 31
4745 46
4746 36
4747 30
4748 53
4749 60
4750 42
4751 32
4752 34
4753 40
4754 81
4755 12
4756 40
4757 71
4758 68
4759 10
4760 11
4761 35
4762 25
4763 48
4764 23
4765 27
4766 29
4767 39
4768 21
4769 33
4770 33
4771 53
4772 59
4773 35
4774 31
4775 25
4776 36
4777 45
4778 48
4779 30
4780 24
4781 47
4782 108
4783 61
4784 19
4785 49
4786 58
4787 39
4788 43
4789 27
4790 31
4791 24
4792 58
4793 62
4794 17
4795 38
4796 41
4797 35
4798 60
4799 23
4800 36
4801 35
4802 49
4803 21
4804 30
4805 12
4806 54
4807 35
4808 23
4809 31
4810 41
4811 27
4812 53
4813 60
4814 82
4815 47
4816 27
4817 24
4818 23
4819 46
4820 45
4821 29
4822 40
4823 46
4824 57
4825 59
4826 32
4827 47
4828 23
4829 45
4830 23
4831 30
4832 46
4833 49
4834 34
4835 29
4836 53
4837 63
4838 16
4839 46
4840 19
4841 77
4842 35
4843 25
4844 38
4845 42
4846 27
4847 26
4848 37
4849 43
4850 44
4851 37
4852 29
4853 40
4854 34
4855 23
4856 43
4857 53
4858 95
4859 42
4860 42
4861 46
4862 39
4863 29
4864 26
4865 42
4866 61
4867 38
4868 36
4869 41
4870 36
4871 40
4872 35
4873 75
4874 35
4875 72
4876 44
4877 68
4878 30
4879 37
4880 32
4881 39
4882 24
4883 33
4884 26
4885 52
4886 32
4887 24
4888 42
4889 66
4890 42
4891 41
4892 55
4893 26
4894 33
4895 58
4896 59
4897 34
4898 48
4899 7
4900 51
4901 49
4902 50
4903 34
4904 61
4905 58
4906 32
4907 36
4908 26
4909 21
4910 42
4911 36
4912 63
4913 51
4914 29
4915 47
4916 30
4917 28
4918 39
4919 14
4920 39
4921 47
4922 48
4923 66
4924 62
4925 54
4926 38
4927 64
4928 33
4929 12
4930 60
4931 51
4932 39
4933 43
4934 19
4935 31
4936 57
4937 34
4938 59
4939 24
4940 31
4941 40
4942 31
4943 29
4944 44
4945 29
4946 55
4947 50
4948 37
4949 14
4950 37
4951 40
4952 45
4953 61
4954 31
4955 56
4956 47
4957 52
4958 38
4959 49
4960 36
4961 31
4962 53
4963 39
4964 39
4965 36
4966 42
4967 39
4968 60
4969 31
4970 35
4971 45
4972 54
4973 32
4974 56
4975 43
4976 51
4977 20
4978 20
4979 47
4980 42
4981 31
4982 24
4983 29
4984 30
4985 29
4986 32
4987 42
4988 42
4989 23
4990 54
4991 47
4992 31
4993 103
4994 67
4995 53
4996 34
4997 49
4998 36
4999 35
5000 33
5001 17
5002 51
5003 57
5004 40
5005 36
5006 36
5007 31
5008 69
5009 54
5010 71
5011 44
5012 26
5013 49
5014 56
5015 49
5016 49
5017 42
5018 30
5019 53
5020 60
5021 52
5022 66
5023 69
5024 52
5025 18
5026 68
5027 37
5028 69
5029 70
5030 59
5031 26
5032 62
5033 44
5034 26
5035 24
5036 35
5037 78
5038 26
5039 28
5040 86
5041 23
5042 10
5043 31
5044 35
5045 34
5046 36
5047 35
5048 22
5049 54
5050 51
5051 23
5052 47
5053 42
5054 48
5055 24
5056 42
5057 92
5058 34
5059 36
5060 22
5061 34
5062 37
5063 26
5064 26
5065 32
5066 50
5067 29
5068 24
5069 37
5070 56
5071 55
5072 57
5073 52
5074 36
5075 45
5076 37
5077 38
5078 40
5079 24
5080 36
5081 35
5082 29
5083 19
5084 27
5085 25
5086 38
5087 32
5088 17
5089 5
5090 30
5091 25
5092 26
5093 16
5094 30
5095 38
5096 56
5097 78
5098 40
5099 44
5100 31
5101 42
5102 25
5103 37
5104 52
5105 46
5106 44
5107 36
5108 41
5109 51
5110 39
5111 47
5112 35
5113 18
5114 35
5115 48
5116 38
5117 54
5118 38
5119 22
5120 24
5121 30
5122 28
5123 24
5124 49
5125 48
5126 27
5127 29
5128 41
5129 34
5130 30
5131 20
5132 19
5133 41
5134 35
5135 57
5136 52
5137 25
5138 29
5139 26
5140 48
5141 48
5142 35
5143 27
5144 57
5145 33
5146 36
5147 55
5148 28
5149 41
5150 31
5151 28
5152 52
5153 46
5154 43
5155 26
5156 43
5157 30
5158 55
5159 53
5160 54
5161 65
5162 28
5163 27
5164 34
5165 38
5166 45
5167 22
5168 103
5169 56
5170 57
5171 56
5172 59
5173 25
5174 57
5175 54
5176 45
5177 -3
5178 68
5179 61
5180 28
5181 46
5182 44
5183 62
5184 18
5185 35
5186 27
5187 39
5188 34
5189 30
5190 43
5191 33
5192 31
5193 32
5194 33
5195 42
5196 30
5197 38
5198 58
5199 40
5200 50
5201 40
5202 35
5203 19
5204 29
5205 24
5206 48
5207 48
5208 27
5209 59
5210 48
5211 40
5212 35
5213 61
5214 75
5215 31
5216 48
5217 29
5218 67
5219 31
5220 89
5221 47
5222 45
5223 49
5224 34
5225 67
5226 54
5227 50
5228 35
5229 50
5230 50
5231 19
5232 45
5233 26
5234 42
5235 42
5236 51
5237 23
5238 57
5239 73
5240 67
5241 60
5242 36
5243 39
5244 35
5245 38
5246 12
5247 62
5248 52
5249 47
5250 28
5251 38
5252 63
5253 34
5254 58
5255 83
5256 55
5257 45
5258 13
5259 66
5260 52
5261 32
5262 35
5263 58
5264 39
5265 31
5266 95
5267 40
5268 35
5269 20
5270 47
5271 85
5272 42
5273 69
5274 29
5275 40
5276 33
5277 23
5278 29
5279 25
5280 41
5281 33
5282 21
5283 52
5284 37
5285 27
5286 34
5287 46
5288 50
5289 32
5290 37
5291 34
5292 33
5293 7
5294 15
5295 80
5296 17
5297 46
5298 11
5299 37
5300 30
5301 40
5302 31
5303 30
5304 50
5305 45
5306 73
5307 40
5308 53
5309 43
5310 22
5311 42
5312 36
5313 43
5314 76
5315 34
5316 30
5317 18
5318 23
5319 39
5320 39
5321 53
5322 37
5323 36
5324 35
5325 9
5326 70
5327 57
5328 36
5329 52
5330 75
5331 48
5332 37
5333 53
5334 65
5335 37
5336 43
5337 22
5338 48
5339 26
5340 51
5341 32
5342 30
5343 19
5344 37
5345 27
5346 31
5347 27
5348 32
5349 39
5350 58
5351 40
5352 35
5353 22
5354 44
5355 30
5356 32
5357 44
5358 43
5359 47
5360 24
5361 40
5362 29
5363 43
5364 15
5365 66
5366 56
5367 30
5368 32
5369 28
5370 29
5371 41
5372 46
5373 26
5374 70
5375 52
5376 45
5377 42
5378 30
5379 33
5380 36
5381 2
5382 25
5383 40
5384 31
5385 61
5386 27
5387 37
5388 13
5389 40
5390 53
5391 38
5392 40
5393 45
5394 49
5395 64
5396 30
5397 51
5398 49
5399 21
5400 18
5401 45
5402 56
5403 25
5404 35
5405 21
5406 36
5407 54
5408 50
5409 53
5410 49
5411 54
5412 43
5413 18
5414 41
5415 17
5416 39
5417 38
5418 32
5419 34
5420 19
5421 38
5422 32
5423 45
5424 29
5425 33
5426 44
5427 24
5428 50
5429 41
5430 63
5431 23
5432 25
5433 22
5434 28
5435 57
5436 37
5437 43
5438 15
5439 24
5440 45
5441 46
5442 39
5443 23
5444 48
5445 6
5446 26
5447 41
5448 18
5449 41
5450 32
5451 26
5452 34
5453 43
5454 36
5455 31
5456 23
5457 59
5458 33
5459 36
5460 36
5461 64
5462 75
5463 67
5464 31
5465 51
5466 23
5467 47
5468 35
5469 20
5470 30
5471 41
5472 42
5473 25
5474 45
5475 41
5476 45
5477 30
5478 75
5479 42
5480 34
5481 32
5482 91
5483 11
5484 25
5485 36
5486 48
5487 15
5488 32
5489 25
5490 44
5491 30
5492 53
5493 33
5494 60
5495 47
5496 14
5497 32
5498 34
5499 24
5500 65
5501 26
5502 83
5503 21
5504 27
5505 24
5506 65
5507 45
5508 34
5509 12
5510 56
5511 26
5512 41
5513 38
5514 31
5515 27
5516 43
5517 32
5518 45
5519 27
5520 35
5521 28
5522 55
5523 37
5524 30
5525 47
5526 31
5527 53
5528 67
5529 33
5530 33
5531 40
5532 49
5533 32
5534 24
5535 30
5536 54
5537 34
5538 38
5539 41
5540 56
5541 26
5542 60
5543 30
5544 16
5545 27
5546 33
5547 46
5548 37
5549 46
5550 18
5551 36
5552 42
5553 34
5554 11
5555 26
5556 45
5557 36
5558 32
5559 29
5560 38
5561 52
5562 16
5563 35
5564 35
5565 10
5566 82
5567 41
5568 31
5569 12
5570 21
5571 58
5572 6
5573 21
5574 44
5575 34
5576 42
5577 64
5578 113
5579 54
5580 53
5581 27
5582 77
5583 35
5584 24
5585 38
5586 33
5587 28
5588 52
5589 10
5590 48
5591 39
5592 53
5593 24
5594 26
5595 53
5596 24
5597 33
5598 27
5599 55
5600 59
5601 74
5602 40
5603 37
5604 32
5605 37
5606 62
5607 28
5608 55
5609 57
5610 13
5611 36
5612 54
5613 41
5614 34
5615 11
5616 36
5617 18
5618 32
5619 36
5620 28
5621 39
5622 26
5623 31
5624 22
5625 23
5626 24
5627 27
5628 17
5629 50
5630 11
5631 28
5632 47
5633 40
5634 22
5635 25
5636 37
5637 18
5638 14
5639 44
5640 54
5641 42
5642 62
5643 58
5644 33
5645 24
5646 53
5647 45
5648 27
5649 42
5650 33
5651 45
5652 15
5653 39
5654 29
5655 30
5656 39
5657 94
5658 48
5659 42
5660 27
5661 31
5662 30
5663 38
5664 61
5665 42
5666 23
5667 31
5668 41
5669 47
5670 20
5671 25
5672 34
5673 38
5674 46
5675 26
5676 38
5677 41
5678 40
5679 23
5680 72
5681 56
5682 46
5683 32
5684 45
5685 30
5686 33
5687 33
5688 28
5689 36
5690 37
5691 34
5692 24
5693 46
5694 24
5695 31
5696 49
5697 42
5698 43
5699 29
5700 21
5701 35
5702 57
5703 35
5704 24
5705 33
5706 25
5707 40
5708 41
5709 49
5710 32
5711 31
5712 35
5713 54
5714 81
5715 58
5716 11
5717 9
5718 20
5719 19
5720 12
5721 6
5722 26
5723 58
5724 22
5725 38
5726 28
5727 44
5728 31
5729 34
5730 30
5731 36
5732 27
5733 27
5734 50
5735 46
5736 33
5737 37
5738 30
5739 35
5740 30
5741 49
5742 38
5743 39
5744 57
5745 42
5746 31
5747 61
5748 35
5749 47
5750 33
5751 37
5752 34
5753 47
5754 29
5755 42
5756 21
5757 38
5758 40
5759 46
5760 38
5761 19
5762 44
5763 53
5764 41
5765 29
5766 68
5767 29
5768 37
5769 52
5770 72
5771 48
5772 18
5773 38
5774 33
5775 47
5776 39
5777 32
5778 52
5779 51
5780 24
5781 26
5782 35
5783 36
5784 34
5785 58
5786 37
5787 32
5788 29
5789 21
5790 26
5791 42
5792 18
5793 44
5794 20
5795 47
5796 30
5797 14
5798 47
5799 53
5800 34
5801 77
5802 44
5803 39
5804 32
5805 17
5806 51
5807 69
5808 37
5809 38
5810 31
5811 41
5812 34
5813 35
5814 41
5815 27
5816 28
5817 50
5818 57
5819 39
5820 22
5821 25
5822 70
5823 62
5824 62
5825 44
5826 27
5827 66
5828 32
5829 34
5830 23
5831 47
5832 44
5833 22
5834 30
5835 24
5836 51
5837 49
5838 54
5839 55
5840 25
5841 29
5842 28
5843 18
5844 27
5845 31
5846 40
5847 70
5848 29
5849 25
5850 28
5851 24
5852 26
5853 30
5854 31
5855 50
5856 30
5857 32
5858 23
5859 4
5860 27
5861 37
5862 36
5863 25
5864 36
5865 18
5866 31
5867 14
5868 20
5869 14
5870 37
5871 32
5872 32
5873 38
5874 27
5875 14
5876 35
5877 43
5878 29
5879 64
5880 38
5881 45
5882 7
5883 43
5884 46
5885 18
5886 27
5887 49
5888 38
5889 52
5890 48
5891 30
5892 33
5893 32
5894 34
5895 31
5896 49
5897 79
5898 29
5899 28
5900 28
5901 25
5902 44
5903 39
5904 31
5905 35
5906 36
5907 34
5908 73
5909 46
5910 75
5911 14
5912 46
5913 25
5914 31
5915 57
5916 34
5917 42
5918 28
5919 50
5920 34
5921 32
5922 45
5923 25
5924 53
5925 14
5926 41
5927 72
5928 26
5929 40
5930 21
5931 24
5932 33
5933 39
5934 91
5935 21
5936 32
5937 40
5938 61
5939 39
5940 43
5941 39
5942 33
5943 33
5944 46
5945 33
5946 27
5947 30
5948 41
5949 29
5950 31
5951 29
5952 28
5953 73
5954 28
5955 22
5956 27
5957 38
5958 23
5959 27
5960 28
5961 22
5962 44
5963 35
5964 30
5965 38
5966 30
5967 39
5968 35
5969 47
5970 23
5971 94
5972 33
5973 46
5974 43
5975 21
5976 23
5977 19
5978 14
5979 37
5980 17
5981 54
5982 33
5983 47
5984 33
5985 49
5986 34
5987 15
5988 51
5989 38
5990 36
5991 35
5992 20
5993 27
5994 40
5995 21
5996 24
5997 26
5998 41
5999 38
6000 27
6001 48
6002 40
6003 25
6004 35
6005 39
6006 7
6007 46
6008 38
6009 22
6010 27
6011 70
6012 39
6013 37
6014 33
6015 29
6016 14
6017 39
6018 45
6019 41
6020 24
6021 29
6022 34
6023 46
6024 26
6025 27
6026 37
6027 39
6028 35
6029 21
6030 26
6031 40
6032 92
6033 42
6034 28
6035 26
6036 30
6037 109
6038 52
6039 22
6040 23
6041 28
6042 11
6043 27
6044 49
6045 26
6046 43
6047 17
6048 35
6049 76
6050 38
6051 28
6052 -5
6053 39
6054 20
6055 38
6056 20
6057 67
6058 38
6059 30
6060 58
6061 25
6062 26
6063 50
6064 26
6065 22
6066 15
6067 39
6068 24
6069 25
6070 38
6071 42
6072 19
6073 54
6074 31
6075 28
6076 30
6077 47
6078 36
6079 36
6080 16
6081 60
6082 33
6083 34
6084 37
6085 26
6086 36
6087 86
6088 31
6089 28
6090 24
6091 17
6092 38
6093 36
6094 29
6095 39
6096 29
6097 33
6098 20
6099 61
6100 25
6101 38
6102 34
6103 34
6104 35
6105 32
6106 24
6107 60
6108 36
6109 49
6110 8
6111 35
6112 40
6113 39
6114 35
6115 43
6116 59
6117 69
6118 43
6119 41
6120 49
6121 9
6122 36
6123 32
6124 39
6125 54
6126 23
6127 30
6128 21
6129 47
6130 37
6131 31
6132 14
6133 28
6134 47
6135 57
6136 30
6137 16
6138 35
6139 15
6140 52
6141 26
6142 14
6143 27
6144 30
6145 33
6146 25
6147 17
6148 47
6149 35
6150 23
6151 14
6152 27
6153 34
6154 23
6155 42
6156 48
6157 31
6158 29
6159 45
6160 40
6161 52
6162 45
6163 73
6164 27
6165 49
6166 23
6167 9
6168 44
6169 99
6170 41
6171 38
6172 23
6173 17
6174 54
6175 53
6176 28
6177 69
6178 15
6179 46
6180 33
6181 14
6182 61
6183 35
6184 56
6185 33
6186 28
6187 23
6188 30
6189 61
6190 28
6191 41
6192 44
6193 30
6194 44
6195 14
6196 25
6197 19
6198 14
6199 36
6200 35
6201 34
6202 60
6203 27
6204 36
6205 39
6206 38
6207 35
6208 20
6209 41
6210 18
6211 31
6212 4
6213 36
6214 24
6215 32
6216 50
6217 29
6218 19
6219 15
6220 36
6221 37
6222 26
6223 31
6224 45
6225 47
6226 46
6227 38
6228 69
6229 42
6230 37
6231 38
6232 62
6233 20
6234 31
6235 23
6236 17
6237 39
6238 26
6239 25
6240 21
6241 42
6242 38
6243 33
6244 52
6245 58
6246 46
6247 32
6248 24
6249 10
6250 20
6251 35
6252 34
6253 30
6254 36
6255 59
6256 42
6257 55
6258 42
6259 44
6260 56
6261 28
6262 24
6263 43
6264 67
6265 44
6266 41
6267 47
6268 29
6269 30
6270 32
6271 56
6272 36
6273 31
6274 32
6275 -1
6276 20
6277 35
6278 46
6279 6
6280 27
6281 84
6282 37
6283 26
6284 23
6285 31
6286 24
6287 21
6288 42
6289 40
6290 30
6291 28
6292 20
6293 52
6294 34
6295 50
6296 43
6297 18
6298 24
6299 24
6300 52
6301 21
6302 19
6303 36
6304 31
6305 124
6306 46
6307 36
6308 31
6309 26
6310 36
6311 65
6312 53
6313 19
6314 20
6315 43
6316 84
6317 23
6318 55
6319 44
6320 35
6321 58
6322 21
6323 42
6324 38
6325 46
6326 42
6327 19
6328 12
6329 90
6330 35
6331 29
6332 18
6333 39
6334 32
6335 44
6336 40
6337 25
6338 26
6339 36
6340 41
6341 51
6342 54
6343 63
6344 26
6345 45
6346 49
6347 10
6348 18
6349 35
6350 14
6351 34
6352 22
6353 44
6354 22
6355 32
6356 40
6357 40
6358 43
6359 47
6360 33
6361 44
6362 27
6363 24
6364 31
6365 14
6366 24
6367 18
6368 33
6369 35
6370 39
6371 17
6372 33
6373 38
6374 19
6375 34
6376 13
6377 13
6378 53
6379 34
6380 45
6381 48
6382 40
6383 32
6384 36
6385 19
6386 17
6387 29
6388 33
6389 79
6390 26
6391 34
6392 19
6393 7
6394 42
6395 43
6396 32
6397 28
6398 27
6399 47
6400 40
6401 33
6402 17
6403 38
6404 25
6405 35
6406 27
6407 39
6408 68
6409 9
6410 30
6411 19
6412 37
6413 34
6414 27
6415 65
6416 39
6417 42
6418 16
6419 27
6420 25
6421 34
6422 18
6423 59
6424 45
6425 22
6426 41
6427 39
6428 12
6429 27
6430 30
6431 28
6432 35
6433 109
6434 13
6435 41
6436 30
6437 28
6438 40
6439 55
6440 44
6441 30
6442 36
6443 78
6444 17
6445 31
6446 46
6447 33
6448 29
6449 39
6450 32
6451 67
6452 43
6453 21
6454 56
6455 -2
6456 26
6457 36
6458 23
6459 19
6460 35
6461 27
6462 47
6463 23
6464 37
6465 22
6466 15
6467 33
6468 22
6469 12
6470 11
6471 24
6472 43
6473 45
6474 34
6475 34
6476 17
6477 33
6478 21
6479 50
6480 43
6481 29
6482 57
6483 43
6484 75
6485 49
6486 71
6487 23
6488 28
6489 19
6490 30
6491 15
6492 32
6493 37
6494 35
6495 52
6496 52
6497 13
6498 23
6499 46
6500 27
6501 38
6502 15
6503 4
6504 32
6505 40
6506 27
6507 35
6508 42
6509 29
6510 37
6511 38
6512 56
6513 48
6514 22
6515 53
6516 39
6517 22
6518 62
6519 40
6520 35
6521 22
6522 52
6523 29
6524 19
6525 29
6526 69
6527 23
6528 86
6529 35
6530 21
6531 28
6532 14
6533 38
6534 47
6535 28
6536 26
6537 10
6538 25
6539 22
6540 27
6541 16
6542 28
6543 45
6544 48
6545 34
6546 50
6547 25
6548 47
6549 37
6550 30
6551 27
6552 58
6553 29
6554 39
6555 43
6556 34
6557 65
6558 31
6559 36
6560 51
6561 34
6562 22
6563 73
6564 53
6565 41
6566 41
6567 18
6568 35
6569 78
6570 42
6571 37
6572 27
6573 34
6574 53
6575 34
6576 16
6577 38
6578 29
6579 34
6580 59
6581 34
6582 24
6583 23
6584 21
6585 25
6586 21
6587 45
6588 35
6589 8
6590 23
6591 63
6592 47
6593 25
6594 18
6595 11
6596 31
6597 32
6598 46
6599 66
6600 20
6601 43
6602 15
6603 48
6604 39
6605 21
6606 53
6607 11
6608 23
6609 37
6610 20
6611 12
6612 47
6613 16
6614 48
6615 9
6616 60
6617 69
6618 17
6619 29
6620 36
6621 43
6622 42
6623 27
6624 33
6625 32
6626 17
6627 36
6628 47
6629 27
6630 26
6631 52
6632 60
6633 38
6634 49
6635 24
6636 30
6637 33
6638 20
6639 24
6640 22
6641 31
6642 16
6643 25
6644 37
6645 39
6646 25
6647 51
6648 50
6649 35
6650 12
6651 14
6652 26
6653 46
6654 27
6655 61
6656 9
6657 36
6658 34
6659 16
6660 36
6661 29
6662 47
6663 48
6664 27
6665 18
6666 29
6667 29
6668 41
6669 41
6670 35
6671 42
6672 35
6673 36
6674 20
6675 44
6676 32
6677 38
6678 69
6679 28
6680 41
6681 48
6682 27
6683 33
6684 42
6685 31
6686 35
6687 38
6688 33
6689 3
6690 36
6691 60
6692 34
6693 28
6694 32
6695 34
6696 32
6697 40
6698 14
6699 53
6700 34
6701 33
6702 29
6703 55
6704 44
6705 33
6706 24
6707 41
6708 23
6709 34
6710 41
6711 29
6712 53
6713 35
6714 43
6715 19
6716 51
6717 16
6718 22
6719 43
6720 21
6721 25
6722 37
6723 49
6724 19
6725 31
6726 37
6727 41
6728 55
6729 32
6730 20
6731 34
6732 17
6733 23
6734 33
6735 23
6736 38
6737 34
6738 30
6739 34
6740 31
6741 50
6742 47
6743 23
6744 28
6745 29
6746 50
6747 23
6748 38
6749 22
6750 33
6751 73
6752 26
6753 22
6754 21
6755 39
6756 29
6757 29
6758 8
6759 2
6760 40
6761 46
6762 18
6763 40
6764 15
6765 30
6766 35
6767 56
6768 26
6769 32
6770 29
6771 34
6772 44
6773 43
6774 73
6775 28
6776 36
6777 39
6778 -3
6779 38
6780 33
6781 26
6782 44
6783 33
6784 38
6785 34
6786 25
6787 77
6788 25
6789 38
6790 41
6791 31
6792 42
6793 15
6794 22
6795 49
6796 54
6797 22
6798 21
6799 27
6800 21
6801 20
6802 46
6803 13
6804 39
6805 36
6806 44
6807 27
6808 28
6809 28
6810 9
6811 15
6812 39
6813 31
6814 29
6815 22
6816 33
6817 29
6818 29
6819 19
6820 15
6821 21
6822 35
6823 55
6824 24
6825 28
6826 71
6827 41
6828 72
6829 11
6830 18
6831 32
6832 24
6833 49
6834 45
6835 24
6836 6
6837 27
6838 49
6839 47
6840 45
6841 27
6842 5
6843 32
6844 43
6845 40
6846 29
6847 37
6848 53
6849 27
6850 30
6851 18
6852 50
6853 19
6854 51
6855 26
6856 19
6857 37
6858 57
6859 32
6860 47
6861 89
6862 40
6863 23
6864 41
6865 12
6866 17
6867 43
6868 25
6869 26
6870 33
6871 33
6872 57
6873 37
6874 36
6875 45
6876 12
6877 33
6878 63
6879 39
6880 46
6881 46
6882 21
6883 32
6884 46
6885 29
6886 45
6887 33
6888 36
6889 5
6890 28
6891 27
6892 25
6893 24
6894 31
6895 41
6896 39
6897 45
6898 32
6899 40
6900 30
6901 18
6902 53
6903 45
6904 19
6905 32
6906 16
6907 28
6908 38
6909 28
6910 30
6911 31
6912 23
6913 28
6914 43
6915 7
6916 28
6917 40
6918 26
6919 48
6920 39
6921 33
6922 20
6923 27
6924 22
6925 27
6926 9
6927 22
6928 30
6929 34
6930 22
6931 23
6932 46
6933 23
6934 24
6935 40
6936 19
6937 17
6938 30
6939 36
6940 40
6941 33
6942 40
6943 43
6944 22
6945 13
6946 31
6947 24
6948 21
6949 38
6950 43
6951 28
6952 4
6953 42
6954 25
6955 53
6956 11
6957 40
6958 27
6959 33
6960 32
6961 35
6962 -3
6963 38
6964 15
6965 24
6966 37
6967 48
6968 27
6969 24
6970 13
6971 47
6972 29
6973 44
6974 19
6975 35
6976 62
6977 60
6978 36
6979 59
6980 26
6981 32
6982 50
6983 27
6984 31
6985 23
6986 45
6987 25
6988 39
6989 46
6990 18
6991 28
6992 68
6993 10
6994 47
6995 13
6996 19
6997 34
6998 29
6999 17
7000 47
7001 25
7002 34
7003 21
7004 6
7005 24
7006 28
7007 43
7008 20
7009 37
7010 31
7011 31
7012 27
7013 13
7014 52
7015 38
7016 35
7017 23
7018 26
7019 6
7020 37
7021 25
7022 28
7023 50
7024 21
7025 32
7026 9
7027 26
7028 21
7029 29
7030 50
7031 24
7032 22
7033 -4
7034 27
7035 20
7036 44
7037 24
7038 27
7039 29
7040 31
7041 31
7042 28
7043 7
7044 29
7045 -4
7046 45
7047 30
7048 28
7049 6
7050 21
7051 36
7052 13
7053 14
7054 23
7055 22
7056 25
7057 23
7058 27
7059 32
7060 25
7061 39
7062 26
7063 29
7064 51
7065 35
7066 38
7067 19
7068 19
7069 7
7070 20
7071 32
7072 41
7073 22
7074 43
7075 25
7076 24
7077 23
7078 22
7079 41
7080 40
7081 39
7082 28
7083 35
7084 13
7085 28
7086 8
7087 34
7088 21
7089 23
7090 70
7091 25
7092 13
7093 27
7094 34
7095 17
7096 25
7097 57
7098 45
7099 22
7100 12
7101 30
7102 64
7103 29
7104 41
7105 33
7106 26
7107 58
7108 16
7109 24
7110 17
7111 49
7112 37
7113 18
7114 38
7115 41
7116 24
7117 34
7118 67
7119 31
7120 22
7121 21
7122 37
7123 42
7124 39
7125 33
7126 29
7127 19
7128 39
7129 40
7130 15
7131 65
7132 29
7133 22
7134 23
7135 31
7136 51
7137 27
7138 20
7139 36
7140 29
7141 21
7142 13
7143 54
7144 40
7145 51
7146 9
7147 36
7148 25
7149 28
7150 35
7151 33
7152 41
7153 36
7154 16
7155 25
7156 48
7157 35
7158 19
7159 24
7160 54
7161 41
7162 22
7163 42
7164 16
7165 19
7166 47
7167 43
7168 27
7169 26
7170 31
7171 21
7172 34
7173 22
7174 45
7175 40
7176 70
7177 23
7178 23
7179 32
7180 33
7181 -6
7182 33
7183 41
7184 36
7185 16
7186 22
7187 29
7188 34
7189 22
7190 -4
7191 26
7192 32
7193 26
7194 34
7195 28
7196 26
7197 33
7198 25
7199 15
7200 39
7201 22
7202 37
7203 21
7204 50
7205 21
7206 25
7207 26
7208 25
7209 3
7210 24
7211 13
7212 31
7213 31
7214 29
7215 36
7216 39
7217 20
7218 21
7219 31
7220 29
7221 37
7222 29
7223 45
7224 46
7225 21
7226 33
7227 13
7228 61
7229 43
7230 33
7231 32
7232 30
7233 15
7234 38
7235 28
7236 10
7237 28
7238 23
7239 31
7240 24
7241 53
7242 27
7243 21
7244 34
7245 30
7246 38
7247 26
7248 27
7249 21
7250 28
7251 18
7252 37
7253 29
7254 39
7255 22
7256 32
7257 19
7258 55
7259 31
7260 34
7261 35
7262 32
7263 36
7264 27
7265 43
7266 38
7267 44
7268 37
7269 23
7270 24
7271 35
7272 30
7273 9
7274 16
7275 35
7276 25
7277 24
7278 34
7279 19
7280 29
7281 27
7282 30
7283 25
7284 25
7285 23
7286 21
7287 31
7288 16
7289 11
7290 26
7291 34
7292 24
7293 34
7294 33
7295 16
7296 13
7297 39
7298 26
7299 27
7300 54
7301 14
7302 20
7303 18
7304 31
7305 25
7306 38
7307 25
7308 41
7309 15
7310 20
7311 39
7312 22
7313 27
7314 10
7315 39
7316 23
7317 24
7318 29
7319 31
7320 34
7321 13
7322 46
7323 62
7324 84
7325 42
7326 28
7327 31
7328 25
7329 39
7330 25
7331 50
7332 31
7333 26
7334 38
7335 32
7336 55
7337 41
7338 76
7339 16
7340 29
7341 19
7342 35
7343 21
7344 23
7345 39
7346 8
7347 32
7348 33
7349 43
7350 38
7351 22
7352 42
7353 37
7354 43
7355 51
7356 30
7357 35
7358 61
7359 30
7360 28
7361 9
7362 13
7363 40
7364 23
7365 32
7366 25
7367 20
7368 17
7369 33
7370 48
7371 57
7372 10
7373 24
7374 36
7375 37
7376 30
7377 35
7378 37
7379 23
7380 33
7381 18
7382 42
7383 29
7384 25
7385 27
7386 38
7387 35
7388 32
7389 32
7390 44
7391 20
7392 47
7393 25
7394 31
7395 39
7396 22
7397 12
7398 35
7399 20
7400 33
7401 40
7402 33
7403 19
7404 23
7405 38
7406 40
7407 33
7408 31
7409 18
7410 25
7411 53
7412 41
7413 30
7414 30
7415 29
7416 21
7417 27
7418 23
7419 48
7420 31
7421 43
7422 40
7423 76
7424 30
7425 22
7426 61
7427 33
7428 8
7429 37
7430 25
7431 51
7432 19
7433 5
7434 20
7435 34
7436 46
7437 28
7438 10
7439 25
7440 53
7441 31
7442 43
7443 17
7444 15
7445 31
7446 34
7447 25
7448 33
7449 38
7450 34
7451 62
7452 19
7453 31
7454 25
7455 30
7456 43
7457 22
7458 37
7459 32
7460 37
7461 27
7462 34
7463 4
7464 41
7465 47
7466 54
7467 31
7468 37
7469 29
7470 19
7471 36
7472 4
7473 33
7474 25
7475 25
7476 57
7477 27
7478 41
7479 -6
7480 17
7481 37
7482 33
7483 56
7484 26
7485 28
7486 32
7487 29
7488 54
7489 27
7490 24
7491 24
7492 36
7493 44
7494 43
7495 19
7496 32
7497 36
7498 23
7499 30
7500 20
7501 41
7502 23
7503 20
7504 37
7505 33
7506 18
7507 39
7508 49
7509 27
7510 89
7511 31
7512 39
7513 33
7514 44
7515 36
7516 28
7517 35
7518 13
7519 31
7520 18
7521 23
7522 38
7523 34
7524 37
7525 31
7526 40
7527 24
7528 34
7529 18
7530 24
7531 29
7532 26
7533 10
7534 37
7535 23
7536 55
7537 32
7538 73
7539 27
7540 27
7541 28
7542 14
7543 7
7544 37
7545 30
7546 17
7547 32
7548 31
7549 37
7550 31
7551 31
7552 18
7553 10
7554 34
7555 26
7556 14
7557 34
7558 25
7559 24
7560 11
7561 24
7562 27
7563 29
7564 46
7565 33
7566 21
7567 29
7568 18
7569 33
7570 25
7571 42
7572 31
7573 39
7574 24
7575 29
7576 38
7577 38
7578 49
7579 21
7580 -1
7581 20
7582 44
7583 35
7584 24
7585 26
7586 35
7587 12
7588 16
7589 37
7590 22
7591 35
7592 -7
7593 26
7594 9
7595 28
7596 51
7597 9
7598 36
7599 23
7600 16
7601 34
7602 20
7603 30
7604 -3
7605 44
7606 26
7607 21
7608 22
7609 19
7610 20
7611 25
7612 47
7613 17
7614 33
7615 7
7616 30
7617 106
7618 13
7619 17
7620 33
7621 27
7622 24
7623 15
7624 25
7625 33
7626 17
7627 20
7628 31
7629 35
7630 33
7631 40
7632 19
7633 19
7634 40
7635 36
7636 34
7637 37
7638 40
7639 25
7640 25
7641 56
7642 38
7643 48
7644 16
7645 54
7646 27
7647 16
7648 29
7649 37
7650 31
7651 18
7652 6
7653 41
7654 8
7655 21
7656 21
7657 36
7658 41
7659 86
7660 40
7661 46
7662 18
7663 44
7664 31
7665 35
7666 35
7667 29
7668 1
7669 29
7670 30
7671 30
7672 6
7673 38
7674 21
7675 21
7676 28
7677 38
7678 26
7679 26
7680 13
7681 32
7682 33
7683 26
7684 11
7685 19
7686 13
7687 25
7688 31
7689 28
7690 20
7691 20
7692 60
7693 29
7694 32
7695 54
7696 36
7697 19
7698 21
7699 39
7700 45
7701 13
7702 26
7703 39
7704 39
7705 4
7706 50
7707 6
7708 23
7709 21
7710 32
7711 56
7712 31
7713 10
7714 19
7715 44
7716 44
7717 52
7718 21
7719 22
7720 41
7721 19
7722 18
7723 21
7724 36
7725 15
7726 29
7727 26
7728 55
7729 34
7730 29
7731 4
7732 12
7733 21
7734 23
7735 51
7736 43
7737 27
7738 14
7739 18
7740 21
7741 9
7742 40
7743 33
7744 15
7745 37
7746 30
7747 23
7748 10
7749 13
7750 42
7751 10
7752 81
7753 29
7754 19
7755 36
7756 33
7757 58
7758 33
7759 33
7760 34
7761 28
7762 16
7763 -2
7764 15
7765 52
7766 34
7767 23
7768 28
7769 35
7770 27
7771 21
7772 35
7773 25
7774 34
7775 28
7776 17
7777 40
7778 33
7779 22
7780 38
7781 37
7782 35
7783 16
7784 41
7785 15
7786 34
7787 37
7788 33
7789 26
7790 23
7791 23
7792 32
7793 43
7794 27
7795 31
7796 24
7797 17
7798 42
7799 26
7800 32
7801 17
7802 30
7803 30
7804 25
7805 42
7806 20
7807 38
7808 26
7809 31
7810 33
7811 29
7812 89
7813 36
7814 25
7815 24
7816 24
7817 33
7818 82
7819 21
7820 8
7821 25
7822 26
7823 3
7824 24
7825 17
7826 28
7827 31
7828 25
7829 22
7830 32
7831 41
7832 17
7833 17
7834 17
7835 16
7836 32
7837 48
7838 37
7839 44
7840 39
7841 17
7842 43
7843 25
7844 20
7845 49
7846 27
7847 16
7848 19
7849 22
7850 15
7851 33
7852 44
7853 21
7854 20
7855 22
7856 34
7857 27
7858 14
7859 20
7860 11
7861 55
7862 34
7863 22
7864 29
7865 27
7866 23
7867 24
7868 25
7869 24
7870 27
7871 18
7872 19
7873 35
7874 48
7875 46
7876 14
7877 32
7878 31
7879 35
7880 39
7881 26
7882 25
7883 23
7884 29
7885 31
7886 24
7887 27
7888 18
7889 22
7890 11
7891 5
7892 27
7893 3
7894 28
7895 26
7896 18
7897 25
7898 33
7899 15
7900 28
7901 20
7902 14
7903 17
7904 37
7905 45
7906 30
7907 34
7908 21
7909 42
7910 32
7911 44
7912 29
7913 7
7914 23
7915 21
7916 33
7917 25
7918 6
7919 32
7920 86
7921 13
7922 21
7923 33
7924 23
7925 44
7926 34
7927 28
7928 20
7929 22
7930 31
7931 30
7932 34
7933 37
7934 17
7935 2
7936 55
7937 25
7938 12
7939 31
7940 21
7941 35
7942 29
7943 6
7944 27
7945 30
7946 35
7947 24
7948 17
7949 19
7950 31
7951 25
7952 22
7953 6
7954 30
7955 27
7956 30
7957 17
7958 26
7959 36
7960 34
7961 26
7962 44
7963 35
7964 30
7965 25
7966 26
7967 27
7968 29
7969 9
7970 35
7971 26
7972 28
7973 27
7974 40
7975 14
7976 7
7977 -1
7978 33
7979 28
7980 35
7981 38
7982 40
7983 40
7984 58
7985 30
7986 20
7987 26
7988 25
7989 34
7990 24
7991 21
7992 34
7993 48
7994 28
7995 26
7996 35
7997 38
7998 24
7999 43
8000 27
8001 13
8002 18
8003 33
8004 46
8005 22
8006 30
8007 14
8008 22
8009 -4
8010 44
8011 24
8012 0
8013 55
8014 19
8015 21
8016 19
8017 22
8018 20
8019 17
8020 47
8021 43
8022 30
8023 40
8024 12
8025 10
8026 33
8027 31
8028 23
8029 33
8030 20
8031 44
8032 29
8033 44
8034 26
8035 30
8036 30
8037 22
8038 25
8039 15
8040 27
8041 41
8042 41
8043 9
8044 39
8045 19
8046 36
8047 23
8048 22
8049 47
8050 20
8051 25
8052 30
8053 20
8054 6
8055 35
8056 22
8057 11
8058 45
8059 29
8060 21
8061 -3
8062 11
8063 13
8064 16
8065 32
8066 26
8067 23
8068 25
8069 17
8070 21
8071 24
8072 15
8073 28
8074 33
8075 34
8076 22
8077 10
8078 -3
8079 21
8080 13
8081 13
8082 31
8083 28
8084 23
8085 14
8086 35
8087 40
8088 36
8089 17
8090 22
8091 24
8092 34
8093 34
8094 22
8095 21
8096 22
8097 35
8098 32
8099 25
8100 37
8101 31
8102 25
8103 27
8104 20
8105 41
8106 -4
8107 45
8108 26
8109 14
8110 24
8111 7
8112 42
8113 31
8114 19
8115 17
8116 27
8117 48
8118 16
8119 24
8120 28
8121 24
8122 25
8123 37
8124 19
8125 42
8126 16
8127 35
8128 51
8129 31
8130 33
8131 26
8132 7
8133 18
8134 29
8135 73
8136 25
8137 32
8138 12
8139 31
8140 22
8141 39
8142 26
8143 27
8144 35
8145 16
8146 13
8147 29
8148 47
8149 32
8150 14
8151 8
8152 36
8153 32
8154 23
8155 20
8156 31
8157 28
8158 35
8159 21
8160 53
8161 55
8162 25
8163 32
8164 24
8165 15
8166 28
8167 11
8168 27
8169 31
8170 18
8171 18
8172 10
8173 21
8174 31
8175 27
8176 26
8177 21
8178 32
8179 -3
8180 16
8181 21
8182 17
8183 24
8184 32
8185 24
8186 20
8187 40
8188 45
8189 19
8190 22
8191 36
8192 22
8193 25
8194 25
8195 30
8196 33
8197 19
8198 37
8199 23
8200 27
8201 54
8202 24
8203 7
8204 34
8205 -1
8206 29
8207 16
8208 35
8209 10
8210 26
8211 15
8212 19
8213 28
8214 20
8215 34
8216 23
8217 22
8218 26
8219 22
8220 26
8221 15
8222 32
8223 25
8224 15
8225 37
8226 21
8227 12
8228 31
8229 37
8230 34
8231 20
8232 25
8233 15
8234 26
8235 37
8236 30
8237 35
8238 32
8239 38
8240 24
8241 17
8242 22
8243 24
8244 34
8245 21
8246 16
8247 23
8248 31
8249 19
8250 29
8251 12
8252 21
8253 15
8254 45
8255 23
8256 32
8257 24
8258 25
8259 30
8260 8
8261 29
8262 32
8263 27
8264 30
8265 16
8266 25
8267 42
8268 20
8269 45
8270 20
8271 35
8272 27
8273 22
8274 17
8275 14
8276 20
8277 22
8278 25
8279 26
8280 29
8281 13
8282 18
8283 52
8284 27
8285 24
8286 17
8287 4
8288 41
8289 18
8290 19
8291 11
8292 32
8293 30
8294 19
8295 8
8296 34
8297 26
8298 26
8299 17
8300 24
8301 37
8302 64
8303 27
8304 18
8305 27
8306 31
8307 29
8308 20
8309 35
8310 18
8311 6
8312 37
8313 23
8314 30
8315 26
8316 21
8317 35
8318 28
8319 30
8320 33
8321 41
8322 32
8323 13
8324 27
8325 17
8326 34
8327 21
8328 25
8329 32
8330 36
8331 24
8332 15
8333 19
8334 24
8335 -7
8336 46
8337 27
8338 19
8339 34
8340 34
8341 33
8342 22
8343 35
8344 34
8345 28
8346 37
8347 13
8348 24
8349 24
8350 24
8351 32
8352 20
8353 7
8354 18
8355 35
8356 24
8357 20
8358 20
8359 23
8360 17
8361 34
8362 26
8363 32
8364 34
8365 14
8366 19
8367 18
8368 5
8369 19
8370 13
8371 20
8372 24
8373 28
8374 26
8375 26
8376 22
8377 16
8378 22
8379 28
8380 30
8381 8
8382 35
8383 13
8384 19
8385 21
8386 25
8387 27
8388 26
8389 23
8390 43
8391 12
8392 28
8393 53
8394 24
8395 52
8396 18
8397 19
8398 36
8399 35
8400 19
8401 38
8402 39
8403 33
8404 19
8405 22
8406 40
8407 15
8408 51
8409 15
8410 28
8411 25
8412 22
8413 27
8414 22
8415 42
8416 18
8417 37
8418 19
8419 12
8420 23
8421 14
8422 35
8423 26
8424 65
8425 28
8426 25
8427 13
8428 24
8429 13
8430 22
8431 35
8432 14
8433 12
8434 8
8435 32
8436 20
8437 27
8438 14
8439 18
8440 35
8441 20
8442 29
8443 2
8444 32
8445 27
8446 15
8447 41
8448 23
8449 10
8450 22
8451 28
8452 24
8453 23
8454 24
8455 34
8456 11
8457 43
8458 29
8459 23
8460 7
8461 31
8462 26
8463 24
8464 34
8465 40
8466 25
8467 24
8468 12
8469 42
8470 20
8471 27
8472 21
8473 30
8474 34
8475 45
8476 21
8477 14
8478 41
8479 12
8480 20
8481 17
8482 43
8483 21
8484 23
8485 26
8486 22
8487 22
8488 21
8489 15
8490 31
8491 24
8492 33
8493 27
8494 31
8495 23
8496 43
8497 25
8498 26
8499 25
8500 18
8501 33
8502 29
8503 37
8504 12
8505 24
8506 20
8507 19
8508 26
8509 22
8510 29
8511 13
8512 22
8513 53
8514 32
8515 22
8516 42
8517 35
8518 34
8519 12
8520 75
8521 16
8522 38
8523 25
8524 44
8525 27
8526 24
8527 29
8528 26
8529 27
8530 10
8531 21
8532 19
8533 34
8534 24
8535 16
8536 28
8537 22
8538 20
8539 26
8540 7
8541 46
8542 2
8543 29
8544 39
8545 16
8546 8
8547 25
8548 30
8549 21
8550 12
8551 30
8552 29
8553 19
8554 19
8555 33
8556 41
8557 26
8558 17
8559 33
8560 29
8561 12
8562 26
8563 36
8564 27
8565 25
8566 14
8567 28
8568 12
8569 40
8570 14
8571 66
8572 34
8573 15
8574 19
8575 34
8576 21
8577 37
8578 30
8579 31
8580 5
8581 42
8582 12
8583 26
8584 28
8585 32
8586 17
8587 20
8588 41
8589 14
8590 17
8591 42
8592 21
8593 18
8594 12
8595 30
8596 33
8597 32
8598 24
8599 8
8600 16
8601 22
8602 35
8603 19
8604 8
8605 15
8606 20
8607 22
8608 18
8609 40
8610 10
8611 44
8612 25
8613 34
8614 11
8615 19
8616 31
8617 14
8618 32
8619 7
8620 28
8621 29
8622 24
8623 42
8624 11
8625 36
8626 34
8627 34
8628 15
8629 45
8630 31
8631 25
8632 43
8633 24
8634 24
8635 47
8636 -1
8637 26
8638 23
8639 10
8640 -1
8641 13
8642 22
8643 9
8644 43
8645 18
8646 7
8647 22
8648 24
8649 14
8650 3
8651 9
8652 3
8653 22
8654 37
8655 11
8656 32
8657 16
8658 19
8659 37
8660 31
8661 20
8662 22
8663 24
8664 31
8665 24
8666 31
8667 16
8668 34
8669 11
8670 40
8671 26
8672 34
8673 29
8674 29
8675 15
8676 26
8677 23
8678 20
8679 13
8680 27
8681 24
8682 19
8683 38
8684 31
8685 22
8686 27
8687 11
8688 18
8689 26
8690 23
8691 18
8692 37
8693 5
8694 13
8695 32
8696 27
8697 24
8698 25
8699 21
8700 14
8701 26
8702 23
8703 22
8704 35
8705 12
8706 28
8707 31
8708 39
8709 28
8710 29
8711 20
8712 25
8713 19
8714 33
8715 28
8716 14
8717 23
8718 46
8719 27
8720 34
8721 34
8722 32
8723 12
8724 25
8725 19
8726 9
8727 13
8728 44
8729 27
8730 14
8731 51
8732 14
8733 24
8734 21
8735 39
8736 19
8737 33
8738 20
8739 4
8740 13
8741 5
8742 11
8743 25
8744 25
8745 15
8746 16
8747 10
8748 19
8749 29
8750 7
8751 15
8752 32
8753 27
8754 15
8755 14
8756 34
8757 5
8758 21
8759 17
8760 25
8761 15
8762 16
8763 8
8764 33
8765 26
8766 12
8767 21
8768 5
8769 32
8770 26
8771 30
8772 22
8773 29
8774 15
8775 19
8776 32
8777 41
8778 30
8779 26
8780 25
8781 14
8782 20
8783 17
8784 37
8785 34
8786 13
8787 23
8788 23
8789 16
8790 22
8791 25
8792 16
8793 15
8794 29
8795 17
8796 33
8797 38
8798 8
8799 21
8800 32
8801 20
8802 17
8803 29
8804 14
8805 24
8806 31
8807 14
8808 16
8809 20
8810 29
8811 25
8812 24
8813 26
8814 23
8815 36
8816 34
8817 14
8818 27
8819 39
8820 7
8821 24
8822 23
8823 16
8824 13
8825 23
8826 12
8827 16
8828 17
8829 18
8830 18
8831 17
8832 26
8833 37
8834 29
8835 22
8836 14
8837 13
8838 20
8839 18
8840 21
8841 24
8842 11
8843 9
8844 19
8845 25
8846 28
8847 15
8848 22
8849 38
8850 15
8851 13
8852 18
8853 19
8854 11
8855 27
8856 19
8857 15
8858 38
8859 22
8860 29
8861 26
8862 38
8863 46
8864 8
8865 2
8866 6
8867 8
8868 19
8869 21
8870 5
8871 28
8872 48
8873 19
8874 22
8875 16
8876 -6
8877 13
8878 10
8879 12
8880 12
8881 12
8882 29
8883 38
8884 21
8885 31
8886 38
8887 19
8888 12
8889 21
8890 16
8891 16
8892 15
8893 2
8894 8
8895 27
8896 17
8897 12
8898 22
8899 18
8900 10
8901 -5
8902 41
8903 22
8904 12
8905 33
8906 16
8907 8
8908 26
8909 27
8910 36
8911 46
8912 39
8913 24
8914 38
8915 27
8916 13
8917 25
8918 24
8919 31
8920 8
8921 22
8922 13
8923 28
8924 17
8925 5
8926 9
8927 25
8928 40
8929 23
8930 17
8931 40
8932 24
8933 23
8934 16
8935 19
8936 23
8937 7
8938 36
8939 10
8940 27
8941 33
8942 7
8943 34
8944 22
8945 16
8946 28
8947 11
8948 24
8949 36
8950 22
8951 19
8952 19
8953 39
8954 0
8955 10
8956 20
8957 11
8958 31
8959 15
8960 31
8961 21
8962 22
8963 16
8964 13
8965 35
8966 36
8967 36
8968 6
8969 14
8970 21
8971 17
8972 27
8973 13
8974 30
8975 11
8976 28
8977 7
8978 38
8979 20
8980 24
8981 30
8982 32
8983 1
8984 42
8985 19
8986 11
8987 39
8988 1
8989 18
8990 28
8991 24
8992 0
8993 14
8994 19
8995 10
8996 27
8997 28
8998 13
8999 20
9000 27
9001 24
9002 9
9003 12
9004 22
9005 8
9006 24
9007 21
9008 13
9009 17
9010 20
9011 25
9012 12
9013 18
9014 4
9015 23
9016 30
9017 18
9018 31
9019 14
9020 23
9021 25
9022 7
9023 16
9024 25
9025 19
9026 7
9027 22
9028 21
9029 31
9030 23
9031 22
9032 18
9033 24
9034 28
9035 25
9036 23
9037 8
9038 20
9039 20
9040 18
9041 26
9042 19
9043 37
9044 39
9045 10
9046 17
9047 17
9048 10
9049 19
9050 27
9051 30
9052 29
9053 -3
9054 21
9055 27
9056 17
9057 1
9058 21
9059 20
9060 25
9061 12
9062 15
9063 27
9064 18
9065 17
9066 6
9067 21
9068 -1
9069 13
9070 15
9071 10
9072 13
9073 22
9074 14
9075 25
9076 25
9077 18
9078 24
9079 16
9080 12
9081 2
9082 19
9083 19
9084 27
9085 13
9086 17
9087 15
9088 10
9089 22
9090 -2
9091 12
9092 22
9093 30
9094 8
9095 41
9096 14
9097 44
9098 24
9099 16
9100 29
9101 22
9102 12
9103 8
9104 26
9105 12
9106 32
9107 23
9108 2
9109 6
9110 19
9111 22
9112 31
9113 47
9114 19
9115 22
9116 17
9117 7
9118 28
9119 36
9120 17
9121 4
9122 10
9123 31
9124 38
9125 18
9126 10
9127 14
9128 25
9129 13
9130 27
9131 35
9132 6
9133 19
9134 21
9135 18
9136 6
9137 12
9138 24
9139 14
9140 17
9141 11
9142 12
9143 21
9144 10
9145 20
9146 53
9147 5
9148 23
9149 9
9150 25
9151 29
9152 34
9153 46
9154 29
9155 22
9156 18
9157 29
9158 7
9159 40
9160 24
9161 13
9162 40
9163 14
9164 21
9165 20
9166 29
9167 41
9168 26
9169 46
9170 18
9171 31
9172 9
9173 4
9174 10
9175 16
9176 29
9177 14
9178 19
9179 20
9180 11
9181 6
9182 -5
9183 6
9184 9
9185 31
9186 19
9187 26
9188 18
9189 19
9190 12
9191 22
9192 23
9193 12
9194 37
9195 38
9196 12
9197 28
9198 33
9199 33
9200 27
9201 25
9202 25
9203 11
9204 15
9205 2
9206 29
9207 18
9208 13
9209 2
9210 26
9211 6
9212 20
9213 24
9214 6
9215 33
9216 15
9217 15
9218 -8
9219 20
9220 19
9221 -3
9222 26
9223 27
9224 45
9225 10
9226 28
9227 17
9228 18
9229 33
9230 89
9231 18
9232 9
9233 21
9234 9
9235 12
9236 13
9237 6
9238 7
9239 16
9240 20
9241 25
9242 13
9243 12
9244 26
9245 13
9246 9
9247 9
9248 32
9249 14
9250 34
9251 18
9252 29
9253 15
9254 22
9255 -2
9256 16
9257 17
9258 13
9259 36
9260 11
9261 21
9262 23
9263 5
9264 23
9265 36
9266 37
9267 3
9268 10
9269 33
9270 25
9271 8
9272 24
9273 17
9274 12
9275 -4
9276 12
9277 31
9278 12
9279 -2
9280 37
9281 28
9282 10
9283 16
9284 27
9285 11
9286 21
9287 18
9288 14
9289 61
9290 28
9291 24
9292 6
9293 16
9294 17
9295 16
9296 11
9297 40
9298 12
9299 7
9300 8
9301 -2
9302 23
9303 15
9304 12
9305 12
9306 13
9307 17
9308 24
9309 24
9310 31
9311 15
9312 25
9313 1
9314 21
9315 6
9316 11
9317 35
9318 19
9319 16
9320 16
9321 18
9322 8
9323 14
9324 11
9325 12
9326 15
9327 21
9328 26
9329 32
9330 13
9331 9
9332 35
9333 20
9334 14
9335 16
9336 25
9337 35
9338 17
9339 10
9340 28
9341 19
9342 24
9343 17
9344 33
9345 9
9346 17
9347 14
9348 7
9349 14
9350 27
9351 17
9352 22
9353 12
9354 10
9355 14
9356 17
9357 21
9358 8
9359 21
9360 12
9361 10
9362 20
9363 18
9364 7
9365 7
9366 11
9367 25
9368 17
9369 26
9370 8
9371 18
9372 18
9373 10
9374 15
9375 18
9376 12
9377 17
9378 21
9379 22
9380 26
9381 20
9382 9
9383 21
9384 9
9385 -3
9386 11
9387 34
9388 10
9389 15
9390 22
9391 9
9392 34
9393 29
9394 21
9395 21
9396 15
9397 22
9398 19
9399 36
9400 47
9401 8
9402 9
9403 24
9404 11
9405 13
9406 33
9407 22
9408 16
9409 18
9410 12
9411 16
9412 21
9413 19
9414 -7
9415 21
9416 13
9417 15
9418 33
9419 12
9420 30
9421 49
9422 11
9423 -1
9424 15
9425 32
9426 2
9427 28
9428 40
9429 25
9430 32
9431 16
9432 13
9433 16
9434 5
9435 19
9436 19
9437 20
9438 14
9439 -9
9440 10
9441 25
9442 8
9443 26
9444 21
9445 11
9446 63
9447 31
9448 16
9449 -1
9450 14
9451 4
9452 10
9453 9
9454 7
9455 17
9456 13
9457 13
9458 16
9459 16
9460 19
9461 21
9462 13
9463 13
9464 14
9465 9
9466 0
9467 14
9468 -3
9469 19
9470 20
9471 3
9472 13
9473 13
9474 35
9475 28
9476 32
9477 14
9478 32
9479 14
9480 22
9481 21
9482 8
9483 17
9484 11
9485 24
9486 10
9487 1
9488 25
9489 34
9490 14
9491 51
9492 18
9493 13
9494 0
9495 11
9496 17
9497 14
9498 27
9499 26
9500 -4
9501 9
9502 18
9503 9
9504 23
9505 -9
9506 9
9507 10
9508 13
9509 14
9510 -2
9511 28
9512 9
9513 14
9514 14
9515 17
9516 20
9517 22
9518 7
9519 20
9520 4
9521 19
9522 2
9523 11
9524 20
9525 16
9526 27
9527 -4
9528 13
9529 28
9530 16
9531 22
9532 14
9533 25
9534 8
9535 15
9536 7
9537 5
9538 13
9539 11
9540 24
9541 7
9542 6
9543 4
9544 13
9545 5
9546 16
9547 11
9548 20
9549 4
9550 9
9551 14
9552 14
9553 19
9554 -2
9555 15
9556 1
9557 9
9558 8
9559 18
9560 28
9561 18
9562 9
9563 6
9564 14
9565 25
9566 16
9567 26
9568 15
9569 16
9570 18
9571 15
9572 8
9573 11
9574 15
9575 10
9576 19
9577 23
9578 -1
9579 16
9580 19
9581 5
9582 6
9583 -2
9584 3
9585 18
9586 4
9587 15
9588 1
9589 11
9590 21
9591 13
9592 16
9593 23
9594 14
9595 21
9596 15
9597 21
9598 21
9599 16
9600 4
9601 -3
9602 4
9603 24
9604 21
9605 15
9606 19
9607 8
9608 9
9609 29
9610 10
9611 -1
9612 19
9613 21
9614 28
9615 -1
9616 15
9617 7
9618 12
9619 19
9620 11
9621 7
9622 23
9623 3
9624 21
9625 15
9626 14
9627 11
9628 22
9629 4
9630 -4
9631 28
9632 10
9633 2
9634 29
9635 23
9636 6
9637 8
9638 8
9639 8
9640 6
9641 14
9642 3
9643 23
9644 -3
9645 2
9646 11
9647 -4
9648 33
9649 9
9650 19
9651 20
9652 8
9653 19
9654 18
9655 12
9656 16
9657 18
9658 12
9659 6
9660 -2
9661 22
9662 3
9663 13
9664 15
9665 9
9666 21
9667 5
9668 -5
9669 12
9670 16
9671 10
9672 10
9673 -4
9674 10
9675 16
9676 17
9677 6
9678 1
9679 16
9680 17
9681 -10
9682 14
9683 17
9684 -12
9685 20
9686 9
9687 -14
9688 20
9689 8
9690 7
9691 25
9692 12
9693 12
9694 16
9695 3
9696 -8
9697 19
9698 16
9699 22
9700 13
9701 4
9702 11
9703 13
9704 13
9705 17
9706 14
9707 12
9708 11
9709 13
9710 4
9711 11
9712 17
9713 4
9714 -8
9715 6
9716 21
9717 16
9718 16
9719 8
9720 19
9721 18
9722 16
9723 25
9724 12
9725 3
9726 17
9727 16
9728 -8
9729 11
9730 5
9731 1
9732 22
9733 26
9734 16
9735 18
9736 18
9737 16
9738 0
9739 3
9740 3
9741 -1
9742 5
9743 6
9744 13
9745 8
9746 16
9747 7
9748 12
9749 6
9750 3
9751 10
9752 -1
9753 17
9754 16
9755 6
9756 2
9757 11
9758 8
9759 2
9760 11
9761 -2
9762 6
9763 15
9764 5
9765 14
9766 -1
9767 5
9768 5
9769 -4
9770 8
9771 1
9772 17
9773 11
9774 6
9775 13
9776 1
9777 0
9778 18
9779 -2
9780 8
9781 11
9782 -1
9783 25
9784 26
9785 28
9786 18
9787 8
9788 -6
9789 15
9790 23
9791 1
9792 -3
9793 9
9794 15
9795 12
9796 15
9797 16
9798 14
9799 5
9800 4
9801 15
9802 16
9803 10
9804 4
9805 5
9806 9
9807 -1
9808 13
9809 10
9810 1
9811 9
9812 0
9813 11
9814 -10
9815 23
9816 6
9817 -1
9818 -1
9819 -6
9820 1
9821 1
9822 -1
9823 3
9824 -10
9825 4
9826 -6
9827 4
9828 15
9829 12
9830 33
9831 -2
9832 23
9833 10
9834 5
9835 0
9836 12
9837 -1
9838 -3
9839 1
9840 14
9841 2
9842 5
9843 4
9844 13
9845 15
9846 19
9847 12
9848 16
9849 28
9850 8
9851 16
9852 21
9853 22
9854 12
9855 23
9856 2
9857 -2
9858 12
9859 11
9860 23
9861 -1
9862 14
9863 6
9864 -4
9865 31
9866 5
9867 -2
9868 7
9869 8
9870 10
9871 19
9872 -3
9873 11
9874 8
9875 -3
9876 27
9877 1
9878 6
9879 18
9880 0
9881 9
9882 8
9883 2
9884 10
9885 -1
9886 7
9887 2
9888 5
9889 18
9890 10
9891 -4
9892 6
9893 17
9894 6
9895 6
9896 -4
9897 -3
9898 2
9899 -8
9900 2
9901 1
9902 -1
9903 -1
9904 -10
9905 5
9906 14
9907 8
9908 15
9909 12
9910 3
9911 5
9912 6
9913 3
9914 12
9915 7
9916 15
9917 5
9918 3
9919 -6
9920 7
9921 -10
9922 7
9923 5
9924 6
9925 29
9926 -5
9927 -4
9928 7
9929 13
9930 -1
9931 7
9932 -3
9933 6
9934 5
9935 -5
9936 0
9937 -10
9938 1
9939 8
9940 -3
9941 -6
9942 0
9943 -14
9944 -4
9945 -4
9946 5
9947 1
9948 0
9949 -6
9950 -4
9951 4
9952 -3
9953 0
9954 4
9955 2
9956 -4
9957 4
9958 1
9959 -17
9960 2
9961 9
9962 -5
9963 -5
9964 -1
9965 6
9966 0
9967 -1
9968 3
9969 5
9970 -3
9971 -8
9972 -4
9973 1
9974 -10
9975 4
9976 -3
9977 -11
9978 -7
9979 -5
9980 13
9981 -10
9982 -1
9983 -10
9984 1
9985 -10
9986 3
9987 -1
9988 -3
9989 1
9990 -15
9991 -8
9992 -2
9993 -2
9994 3
9995 -13
9996 -5
9997 -14
9998 -13
9999 -10
Negative cycle: none
Execution time: 1.21891 ms
